Time	Vin	Vo
0.000000000000000e+000	-9.987358e-003	-1.997374e-002
2.578924975654706e-008	9.716269e-003	-1.997374e-002
7.736774926964118e-008	1.035189e-002	-1.997279e-002
1.126333891345727e-007	9.725090e-003	-1.997136e-002
1.582974664543491e-007	1.028490e-002	-1.996802e-002
1.996817732621836e-007	9.795900e-003	-1.996325e-002
2.543991764539233e-007	1.021409e-002	-1.995371e-002
3.333239149694300e-007	9.824749e-003	-1.993226e-002
4.533254074536725e-007	1.017403e-002	-1.987361e-002
6.933283924238920e-007	9.828325e-003	-1.965855e-002
1.085108134230364e-006	1.016855e-002	-1.902197e-002
1.814360594014006e-006	9.833809e-003	-1.716469e-002
2.814360594013271e-006	1.016545e-002	-1.391076e-002
3.814360594012536e-006	9.836670e-003	-1.047133e-002
4.814360594011802e-006	1.016259e-002	-7.383810e-003
5.814360594011067e-006	9.839054e-003	-4.923807e-003
6.814360594010333e-006	1.016044e-002	-3.098951e-003
7.814360594009598e-006	9.841200e-003	-1.794801e-003
8.814360594008863e-006	1.015830e-002	-8.764129e-004
9.814360594008129e-006	9.843107e-003	-2.255302e-004
1.081436059400739e-005	1.015639e-002	2.460618e-004
1.181436059400666e-005	9.845015e-003	6.013054e-004
1.281436059400593e-005	1.015448e-002	8.821625e-004
1.381436059400519e-005	9.847160e-003	1.116766e-003
1.481436059400446e-005	1.015234e-002	1.322760e-003
1.581436059400372e-005	9.849068e-003	1.510634e-003
1.681436059400299e-005	1.015043e-002	1.688017e-003
1.781436059400225e-005	9.850975e-003	1.857771e-003
1.881436059400152e-005	1.014852e-002	2.022280e-003
2.081436059400005e-005	1.014661e-002	2.343192e-003
2.338578916542673e-005	1.005900e-002	2.742051e-003
2.595721773685342e-005	9.999846e-003	3.132231e-003
2.852864630828010e-005	9.969143e-003	3.513729e-003
3.110007487970678e-005	9.966895e-003	3.886548e-003
3.367150345113347e-005	9.993102e-003	4.250686e-003
3.624293202256015e-005	1.004776e-002	4.606144e-003
3.881436059398682e-005	1.013088e-002	4.952921e-003
4.910007487969356e-005	1.005860e-002	6.244060e-003
5.938578916540029e-005	1.000818e-002	7.443101e-003
6.967150345110702e-005	9.979609e-003	8.550045e-003
7.995721773681376e-005	9.972899e-003	9.564890e-003
9.024293202252049e-005	9.988046e-003	1.048764e-002
1.005286463082272e-004	1.002505e-002	1.131829e-002
1.108143605939339e-004	1.008391e-002	1.205684e-002
1.211000748796407e-004	1.003753e-002	1.273740e-002
1.313857891653474e-004	1.000520e-002	1.336943e-002
1.416715034510541e-004	9.986927e-003	1.395291e-002
1.519572177367609e-004	9.982704e-003	1.448785e-002
1.622429320224676e-004	9.992532e-003	1.497426e-002
1.725286463081743e-004	1.001641e-002	1.541212e-002
1.828143605938810e-004	1.005435e-002	1.580144e-002
1.931000748795878e-004	1.002432e-002	1.616030e-002
2.033857891652945e-004	1.000338e-002	1.649354e-002
2.136715034510012e-004	9.991535e-003	1.680117e-002
2.239572177367080e-004	9.988776e-003	1.708318e-002
2.342429320224147e-004	9.995106e-003	1.733958e-002
2.445286463081214e-004	1.001053e-002	1.757037e-002
2.548143605938281e-004	1.003503e-002	1.777555e-002
2.651000748795349e-004	1.001577e-002	1.796478e-002
2.753857891652416e-004	1.000233e-002	1.814050e-002
2.856715034509483e-004	9.994703e-003	1.830271e-002
2.959572177366551e-004	9.992897e-003	1.845141e-002
3.062429320223618e-004	9.996912e-003	1.858661e-002
3.165286463080685e-004	1.000675e-002	1.870830e-002
3.268143605937753e-004	1.002240e-002	1.881648e-002
3.372429320223391e-004	1.001477e-002	1.891741e-002
3.476715034509028e-004	1.000796e-002	1.901105e-002
3.581000748794665e-004	1.000196e-002	1.909742e-002
3.685286463080303e-004	9.996785e-003	1.917651e-002
3.789572177365941e-004	9.992425e-003	1.924831e-002
3.893857891651579e-004	9.988883e-003	1.931284e-002
3.998143605937216e-004	9.986158e-003	1.937009e-002
4.103857891651425e-004	9.993914e-003	1.942364e-002
4.209572177365632e-004	9.999335e-003	1.947326e-002
4.315286463079841e-004	1.000242e-002	1.951895e-002
4.421000748794048e-004	1.000317e-002	1.956071e-002
4.526715034508257e-004	1.000158e-002	1.959854e-002
4.632429320222465e-004	9.997661e-003	1.963243e-002
4.738143605936673e-004	9.991404e-003	1.966239e-002
4.848143605936592e-004	9.994522e-003	1.969109e-002
4.958143605936511e-004	9.997272e-003	1.971765e-002
5.068143605936430e-004	9.999651e-003	1.974206e-002
5.178143605936349e-004	1.000166e-002	1.976434e-002
5.288143605936269e-004	1.000330e-002	1.978447e-002
5.398143605936188e-004	1.000457e-002	1.980247e-002
5.508143605936107e-004	1.000547e-002	1.981832e-002
5.625286463078878e-004	1.000265e-002	1.983359e-002
5.742429320221649e-004	1.000067e-002	1.984765e-002
5.859572177364421e-004	9.999529e-003	1.986051e-002
5.976715034507192e-004	9.999223e-003	1.987215e-002
6.093857891649962e-004	9.999753e-003	1.988260e-002
6.211000748792733e-004	1.000112e-002	1.989183e-002
6.328143605935505e-004	1.000332e-002	1.989986e-002
6.458143605935409e-004	1.000218e-002	1.990814e-002
6.588143605935314e-004	1.000118e-002	1.991568e-002
6.718143605935218e-004	1.000035e-002	1.992248e-002
6.848143605935123e-004	9.999666e-003	1.992855e-002
6.978143605935027e-004	9.999140e-003	1.993387e-002
7.108143605934932e-004	9.998770e-003	1.993845e-002
7.238143605934836e-004	9.998556e-003	1.994230e-002
7.393857891649007e-004	9.999247e-003	1.994665e-002
7.549572177363179e-004	9.999821e-003	1.995057e-002
7.705286463077350e-004	1.000028e-002	1.995406e-002
7.861000748791521e-004	1.000062e-002	1.995713e-002
8.016715034505693e-004	1.000084e-002	1.995977e-002
8.172429320219864e-004	1.000095e-002	1.996197e-002
8.328143605934035e-004	1.000094e-002	1.996376e-002
8.541000748791022e-004	1.000069e-002	1.996587e-002
8.753857891648008e-004	1.000047e-002	1.996771e-002
8.966715034504995e-004	1.000030e-002	1.996927e-002
9.179572177361982e-004	1.000016e-002	1.997057e-002
9.392429320218968e-004	1.000006e-002	1.997159e-002
9.605286463075954e-004	1.000001e-002	1.997234e-002
9.818143605932941e-004	9.999987e-003	1.997281e-002
9.978143605932823e-004	9.999987e-003	1.997329e-002
9.988143605932816e-004	1.000046e-002	1.997329e-002
9.990000000001022e-004	9.999987e-003	1.997329e-002
9.993712788137436e-004	1.000046e-002	1.997281e-002
1.000000000000102e-003	9.696718e-003	1.991130e-002
1.001000000000101e-003	-9.995226e-003	1.946546e-002
1.001771642096722e-003	-1.001358e-002	1.851798e-002
1.002578640017725e-003	-9.981636e-003	1.668550e-002
1.003578640017724e-003	-1.001907e-002	1.365663e-002
1.004578640017724e-003	-9.979967e-003	1.041271e-002
1.005578640017723e-003	-1.001954e-002	7.441534e-003
1.006578640017722e-003	-9.980206e-003	5.013480e-003
1.007578640017721e-003	-1.001907e-002	3.166689e-003
1.008578640017721e-003	-9.980682e-003	1.822962e-003
1.009578640017720e-003	-1.001883e-002	8.678574e-004
1.010578640017719e-003	-9.980921e-003	1.902718e-004
1.011578640017719e-003	-1.001859e-002	-2.989631e-004
1.012578640017718e-003	-9.980921e-003	-6.656509e-004
1.013578640017717e-003	-1.001859e-002	-9.536605e-004
1.014578640017716e-003	-9.980921e-003	-1.192556e-003
1.015578640017716e-003	-1.001859e-002	-1.400934e-003
1.016578640017715e-003	-9.980921e-003	-1.590238e-003
1.017578640017714e-003	-1.001859e-002	-1.767622e-003
1.018578640017713e-003	-9.980921e-003	-1.936899e-003
1.019578640017713e-003	-1.001859e-002	-2.101884e-003
1.021578640017711e-003	-1.001859e-002	-2.421365e-003
1.023864354303424e-003	-1.000713e-002	-2.774984e-003
1.026150068589136e-003	-9.999440e-003	-3.121674e-003
1.028435782874849e-003	-9.995528e-003	-3.461435e-003
1.030721497160562e-003	-9.995391e-003	-3.794267e-003
1.033007211446274e-003	-9.999031e-003	-4.120171e-003
1.035292925731987e-003	-1.000645e-002	-4.439146e-003
1.037578640017699e-003	-1.001764e-002	-4.751192e-003
1.047864354303406e-003	-1.000788e-002	-6.060061e-003
1.058150068589113e-003	-1.000103e-002	-7.275509e-003
1.068435782874820e-003	-9.997070e-003	-8.397536e-003
1.078721497160526e-003	-9.996014e-003	-9.426142e-003
1.089007211446233e-003	-9.997858e-003	-1.036133e-002
1.099292925731940e-003	-1.000260e-002	-1.120309e-002
1.109578640017647e-003	-1.001025e-002	-1.195143e-002
1.119864354303353e-003	-1.000450e-002	-1.264113e-002
1.130150068589060e-003	-1.000046e-002	-1.328163e-002
1.140435782874767e-003	-9.998131e-003	-1.387293e-002
1.150721497160473e-003	-9.997518e-003	-1.441503e-002
1.161007211446180e-003	-9.998617e-003	-1.490792e-002
1.171292925731887e-003	-1.000143e-002	-1.535161e-002
1.181578640017594e-003	-1.000595e-002	-1.574610e-002
1.191864354303300e-003	-1.000258e-002	-1.610971e-002
1.202150068589007e-003	-1.000021e-002	-1.644738e-002
1.212435782874714e-003	-9.998861e-003	-1.675914e-002
1.222721497160420e-003	-9.998520e-003	-1.704497e-002
1.233007211446127e-003	-9.999191e-003	-1.730487e-002
1.243292925731834e-003	-1.000087e-002	-1.753885e-002
1.253578640017541e-003	-1.000357e-002	-1.774691e-002
1.263864354303248e-003	-1.000150e-002	-1.793851e-002
1.274150068588954e-003	-1.000005e-002	-1.811645e-002
1.284435782874661e-003	-9.999221e-003	-1.828073e-002
1.294721497160368e-003	-9.999016e-003	-1.843134e-002
1.305007211446074e-003	-9.999435e-003	-1.856829e-002
1.315292925731781e-003	-1.000048e-002	-1.869157e-002
1.325578640017488e-003	-1.000214e-002	-1.880120e-002
1.336007211446052e-003	-1.000136e-002	-1.890345e-002
1.346435782874615e-003	-1.000066e-002	-1.899834e-002
1.356864354303179e-003	-1.000004e-002	-1.908587e-002
1.367292925731743e-003	-9.999493e-003	-1.916605e-002
1.377721497160307e-003	-9.999026e-003	-1.923887e-002
1.388150068588870e-003	-9.998637e-003	-1.930433e-002
1.398578640017434e-003	-9.998325e-003	-1.936244e-002
1.409150068588855e-003	-9.999094e-003	-1.941653e-002
1.419721497160276e-003	-9.999629e-003	-1.946670e-002
1.430292925731697e-003	-9.999931e-003	-1.951293e-002
1.440864354303118e-003	-9.999999e-003	-1.955523e-002
1.451435782874538e-003	-9.999834e-003	-1.959360e-002
1.462007211445959e-003	-9.999435e-003	-1.962804e-002
1.472578640017380e-003	-9.998802e-003	-1.965855e-002
1.483578640017372e-003	-9.999123e-003	-1.968776e-002
1.494578640017364e-003	-9.999406e-003	-1.971474e-002
1.505578640017356e-003	-9.999649e-003	-1.973951e-002
1.516578640017348e-003	-9.999853e-003	-1.976205e-002
1.527578640017339e-003	-1.000002e-002	-1.978238e-002
1.538578640017331e-003	-1.000015e-002	-1.980049e-002
1.549578640017323e-003	-1.000023e-002	-1.981638e-002
1.561150068588743e-003	-1.000007e-002	-1.983184e-002
1.572721497160163e-003	-9.999931e-003	-1.984605e-002
1.584292925731584e-003	-9.999809e-003	-1.985901e-002
1.595864354303004e-003	-9.999707e-003	-1.987072e-002
1.607435782874424e-003	-9.999624e-003	-1.988120e-002
1.619007211445844e-003	-9.999561e-003	-1.989042e-002
1.630578640017264e-003	-9.999517e-003	-1.989840e-002
1.643435782874397e-003	-9.999610e-003	-1.990658e-002
1.656292925731531e-003	-9.999683e-003	-1.991411e-002
1.669150068588664e-003	-9.999736e-003	-1.992097e-002
1.682007211445797e-003	-9.999770e-003	-1.992717e-002
1.694864354302931e-003	-9.999785e-003	-1.993270e-002
1.707721497160064e-003	-9.999780e-003	-1.993758e-002
1.720578640017198e-003	-9.999756e-003	-1.994179e-002
1.736007211445758e-003	-9.999756e-003	-1.994614e-002
1.751435782874318e-003	-9.999756e-003	-1.995006e-002
1.766864354302878e-003	-9.999756e-003	-1.995356e-002
1.782292925731438e-003	-9.999756e-003	-1.995662e-002
1.797721497159998e-003	-9.999756e-003	-1.995926e-002
1.813150068588558e-003	-9.999756e-003	-1.996147e-002
1.828578640017118e-003	-9.999756e-003	-1.996325e-002
1.849578640017103e-003	-9.999756e-003	-1.996531e-002
1.870578640017087e-003	-9.999756e-003	-1.996714e-002
1.891578640017072e-003	-9.999756e-003	-1.996874e-002
1.912578640017057e-003	-9.999756e-003	-1.997010e-002
1.933578640017041e-003	-9.999756e-003	-1.997123e-002
1.954578640017026e-003	-9.999756e-003	-1.997213e-002
1.975578640017010e-003	-9.999756e-003	-1.997279e-002
1.998578640016993e-003	-9.999756e-003	-1.997374e-002
1.999000000000001e-003	-9.999756e-003	-1.997374e-002
1.999471840101954e-003	-9.999756e-003	-1.997374e-002
2.000000000000000e-003	-9.999756e-003	-1.991509e-002
2.000999999999999e-003	9.996172e-003	-1.942824e-002
2.001740275605070e-003	1.001286e-002	-1.842974e-002
2.002510002108136e-003	9.984251e-003	-1.651238e-002
2.003494850997862e-003	1.001715e-002	-1.330946e-002
2.004494850997862e-003	9.983059e-003	-9.942041e-003
2.005494850997861e-003	1.001739e-002	-6.968008e-003
2.006494850997860e-003	9.983297e-003	-4.618154e-003
2.007494850997859e-003	1.001691e-002	-2.881990e-003
2.008494850997859e-003	9.983774e-003	-1.642213e-003
2.009494850997858e-003	1.001668e-002	-7.676940e-004
2.010494850997857e-003	9.983774e-003	-1.463752e-004
2.011494850997856e-003	1.001668e-002	3.061432e-004
2.012494850997856e-003	9.983774e-003	6.494660e-004
2.013494850997855e-003	1.001668e-002	9.226937e-004
2.014494850997854e-003	9.983774e-003	1.153006e-003
2.015494850997853e-003	1.001668e-002	1.356139e-003
2.016494850997853e-003	9.983774e-003	1.542105e-003
2.017494850997852e-003	1.001691e-002	1.717581e-003
2.018494850997851e-003	9.983536e-003	1.886858e-003
2.019494850997851e-003	1.001691e-002	2.051367e-003
2.021494850997849e-003	1.001691e-002	2.370848e-003
2.022923422426419e-003	1.000652e-002	2.593609e-003
2.024351993854990e-003	9.999593e-003	2.813528e-003
2.025780565283560e-003	9.996128e-003	3.030606e-003
2.027209136712131e-003	9.996128e-003	3.244842e-003
2.028637708140701e-003	9.999593e-003	3.456237e-003
2.030066279569272e-003	1.000652e-002	3.664790e-003
2.031494850997842e-003	1.001691e-002	3.870501e-003
2.032494850997841e-003	9.983536e-003	4.013075e-003
2.042780565283548e-003	9.992878e-003	5.385218e-003
2.053066279569255e-003	9.999378e-003	6.659424e-003
2.063351993854961e-003	1.000304e-002	7.835694e-003
2.073637708140668e-003	1.000385e-002	8.914027e-003
2.083923422426374e-003	1.000183e-002	9.894424e-003
2.094209136712081e-003	9.996965e-003	1.077688e-002
2.104494850997788e-003	9.989258e-003	1.156141e-002
2.114780565283495e-003	9.995408e-003	1.228483e-002
2.125066279569202e-003	9.999690e-003	1.295659e-002
2.135351993854908e-003	1.000210e-002	1.357671e-002
2.145637708140615e-003	1.000265e-002	1.414516e-002
2.155923422426322e-003	1.000132e-002	1.466197e-002
2.166209136712029e-003	9.998133e-003	1.512712e-002
2.176494850997735e-003	9.993073e-003	1.554061e-002
2.186780565283442e-003	9.997009e-003	1.592190e-002
2.197066279569149e-003	9.999758e-003	1.627597e-002
2.207351993854855e-003	1.000132e-002	1.660284e-002
2.217637708140562e-003	1.000169e-002	1.690250e-002
2.227923422426269e-003	1.000088e-002	1.717495e-002
2.238209136711976e-003	9.998882e-003	1.742019e-002
2.248494850997682e-003	9.995695e-003	1.763822e-002
2.258780565283389e-003	9.998211e-003	1.783905e-002
2.269066279569096e-003	9.999967e-003	1.802559e-002
2.279351993854803e-003	1.000096e-002	1.819784e-002
2.289637708140509e-003	1.000120e-002	1.835581e-002
2.299923422426216e-003	1.000068e-002	1.849950e-002
2.310209136711923e-003	9.999403e-003	1.862889e-002
2.320494850997629e-003	9.997364e-003	1.874401e-002
2.330923422426193e-003	9.998396e-003	1.885119e-002
2.341351993854757e-003	9.999310e-003	1.895066e-002
2.351780565283321e-003	1.000011e-002	1.904243e-002
2.362209136711885e-003	1.000079e-002	1.912649e-002
2.372637708140448e-003	1.000135e-002	1.920284e-002
2.383066279569012e-003	1.000180e-002	1.927148e-002
2.393494850997576e-003	1.000213e-002	1.933242e-002
2.404066279568997e-003	1.000104e-002	1.938926e-002
2.414637708140417e-003	1.000027e-002	1.944194e-002
2.425209136711838e-003	9.999841e-003	1.949045e-002
2.435780565283259e-003	9.999738e-003	1.953480e-002
2.446351993854680e-003	9.999967e-003	1.957498e-002
2.456923422426100e-003	1.000053e-002	1.961099e-002
2.467494850997521e-003	1.000142e-002	1.964284e-002
2.478494850997513e-003	1.000103e-002	1.967337e-002
2.489494850997505e-003	1.000068e-002	1.970160e-002
2.500494850997497e-003	1.000037e-002	1.972754e-002
2.511494850997489e-003	1.000009e-002	1.975117e-002
2.522494850997481e-003	9.999860e-003	1.977251e-002
2.533494850997473e-003	9.999666e-003	1.979156e-002
2.544494850997465e-003	9.999510e-003	1.980831e-002
2.556066279568885e-003	9.999763e-003	1.982449e-002
2.567637708140305e-003	9.999977e-003	1.983939e-002
2.579209136711725e-003	1.000015e-002	1.985300e-002
2.590780565283145e-003	1.000029e-002	1.986533e-002
2.602351993854565e-003	1.000039e-002	1.987638e-002
2.613923422425986e-003	1.000044e-002	1.988614e-002
2.625494850997405e-003	1.000046e-002	1.989461e-002
2.638351993854539e-003	1.000037e-002	1.990330e-002
2.651209136711672e-003	1.000030e-002	1.991125e-002
2.664066279568806e-003	1.000024e-002	1.991847e-002
2.676923422425939e-003	1.000021e-002	1.992494e-002
2.689780565283072e-003	1.000020e-002	1.993067e-002
2.702637708140206e-003	1.000020e-002	1.993566e-002
2.715494850997339e-003	1.000023e-002	1.993991e-002
2.730780565283042e-003	1.000023e-002	1.994440e-002
2.746066279568746e-003	1.000023e-002	1.994846e-002
2.761351993854448e-003	1.000023e-002	1.995209e-002
2.776637708140151e-003	1.000023e-002	1.995529e-002
2.791923422425855e-003	1.000023e-002	1.995806e-002
2.807209136711558e-003	1.000023e-002	1.996041e-002
2.822494850997261e-003	1.000023e-002	1.996232e-002
2.843209136711531e-003	1.000023e-002	1.996457e-002
2.863923422425801e-003	1.000023e-002	1.996655e-002
2.884637708140072e-003	1.000023e-002	1.996825e-002
2.905351993854343e-003	1.000023e-002	1.996968e-002
2.926066279568613e-003	1.000023e-002	1.997084e-002
2.946780565282883e-003	1.000023e-002	1.997173e-002
2.967494850997154e-003	1.000023e-002	1.997234e-002
2.999000000000102e-003	1.000023e-002	1.997329e-002
3.000000000000100e-003	1.000046e-002	1.989747e-002
3.001000000000099e-003	-9.995226e-003	1.945878e-002
3.001846873169976e-003	-1.001311e-002	1.837827e-002
3.002719152740811e-003	-9.981636e-003	1.633598e-002
3.003719152740810e-003	-1.001954e-002	1.325418e-002
3.004719152740809e-003	-9.979490e-003	1.001693e-002
3.005719152740808e-003	-1.002026e-002	7.104887e-003
3.006719152740808e-003	-9.979490e-003	4.750742e-003
3.007719152740807e-003	-1.001978e-002	2.972140e-003
3.008719152740806e-003	-9.979967e-003	1.683249e-003
3.009719152740805e-003	-1.001931e-002	7.686753e-004
3.010719152740805e-003	-9.980206e-003	1.192231e-004
3.011719152740804e-003	-1.001907e-002	-3.518920e-004
3.012719152740803e-003	-9.980444e-003	-7.066589e-004
3.013719152740802e-003	-1.001907e-002	-9.870391e-004
3.014719152740802e-003	-9.980444e-003	-1.221643e-003
3.015719152740801e-003	-1.001907e-002	-1.426683e-003
3.016719152740800e-003	-9.980444e-003	-1.614080e-003
3.017719152740800e-003	-1.001907e-002	-1.790033e-003
3.018719152740799e-003	-9.980444e-003	-1.958833e-003
3.019719152740798e-003	-1.001931e-002	-2.122865e-003
3.021719152740797e-003	-1.001931e-002	-2.441869e-003
3.024290581312223e-003	-1.000740e-002	-2.838685e-003
3.026862009883650e-003	-9.999406e-003	-3.226821e-003
3.029433438455077e-003	-9.995323e-003	-3.606276e-003
3.032004867026503e-003	-9.995153e-003	-3.977051e-003
3.034576295597930e-003	-9.998895e-003	-4.339146e-003
3.037147724169356e-003	-1.000655e-002	-4.692560e-003
3.039719152740783e-003	-1.001811e-002	-5.037294e-003
3.054719152740772e-003	-9.983067e-003	-6.902681e-003
3.055719152740772e-003	-1.001621e-002	-7.019029e-003
3.066004867026478e-003	-1.000724e-002	-8.132823e-003
3.076290581312185e-003	-1.000093e-002	-9.167132e-003
3.086576295597892e-003	-9.997260e-003	-1.012195e-002
3.096862009883598e-003	-9.996238e-003	-1.099729e-002
3.107147724169305e-003	-9.997863e-003	-1.179314e-002
3.117433438455012e-003	-1.000214e-002	-1.250951e-002
3.127719152740719e-003	-1.000905e-002	-1.314639e-002
3.138004867026425e-003	-1.000395e-002	-1.373348e-002
3.148290581312132e-003	-1.000037e-002	-1.427869e-002
3.158576295597839e-003	-9.998311e-003	-1.478202e-002
3.168862009883546e-003	-9.997766e-003	-1.524346e-002
3.179147724169252e-003	-9.998739e-003	-1.566302e-002
3.189433438454959e-003	-1.000123e-002	-1.604069e-002
3.199719152740666e-003	-1.000524e-002	-1.637648e-002
3.210004867026372e-003	-1.000219e-002	-1.668576e-002
3.220290581312079e-003	-1.000005e-002	-1.697301e-002
3.230576295597786e-003	-9.998831e-003	-1.723823e-002
3.240862009883493e-003	-9.998525e-003	-1.748142e-002
3.251147724169199e-003	-9.999133e-003	-1.770258e-002
3.261433438454906e-003	-1.000066e-002	-1.790170e-002
3.271719152740613e-003	-1.000309e-002	-1.807879e-002
3.282147724169177e-003	-1.000188e-002	-1.824390e-002
3.292576295597741e-003	-1.000082e-002	-1.839714e-002
3.303004867026304e-003	-9.999912e-003	-1.853851e-002
3.313433438454868e-003	-9.999162e-003	-1.866801e-002
3.323862009883432e-003	-9.998569e-003	-1.878563e-002
3.334290581311996e-003	-9.998131e-003	-1.889138e-002
3.344719152740559e-003	-9.997849e-003	-1.898526e-002
3.355147724169123e-003	-9.998466e-003	-1.907147e-002
3.365576295597687e-003	-9.999026e-003	-1.915149e-002
3.376004867026250e-003	-9.999527e-003	-1.922532e-002
3.386433438454814e-003	-9.999970e-003	-1.929296e-002
3.396862009883378e-003	-1.000035e-002	-1.935442e-002
3.407290581311942e-003	-1.000068e-002	-1.940968e-002
3.417719152740506e-003	-1.000095e-002	-1.945876e-002
3.428433438454784e-003	-1.000056e-002	-1.950500e-002
3.439147724169061e-003	-1.000021e-002	-1.954782e-002
3.449862009883339e-003	-9.999897e-003	-1.958721e-002
3.460576295597617e-003	-9.999624e-003	-1.962318e-002
3.471290581311895e-003	-9.999391e-003	-1.965572e-002
3.482004867026173e-003	-9.999196e-003	-1.968484e-002
3.492719152740451e-003	-9.999041e-003	-1.971053e-002
3.503862009883299e-003	-9.999459e-003	-1.973525e-002
3.515004867026148e-003	-9.999761e-003	-1.975807e-002
3.526147724168997e-003	-9.999946e-003	-1.977899e-002
3.537290581311847e-003	-1.000001e-002	-1.979799e-002
3.548433438454695e-003	-9.999965e-003	-1.981509e-002
3.559576295597544e-003	-9.999800e-003	-1.983028e-002
3.570719152740393e-003	-9.999517e-003	-1.984356e-002
3.582576295597527e-003	-9.999586e-003	-1.985678e-002
3.594433438454662e-003	-9.999654e-003	-1.986891e-002
3.606290581311796e-003	-9.999722e-003	-1.987994e-002
3.618147724168930e-003	-9.999790e-003	-1.988989e-002
3.630004867026064e-003	-9.999858e-003	-1.989874e-002
3.641862009883198e-003	-9.999926e-003	-1.990651e-002
3.653719152740332e-003	-9.999994e-003	-1.991318e-002
3.667147724168894e-003	-9.999902e-003	-1.992004e-002
3.680576295597455e-003	-9.999829e-003	-1.992632e-002
3.694004867026017e-003	-9.999775e-003	-1.993201e-002
3.707433438454579e-003	-9.999741e-003	-1.993712e-002
3.720862009883140e-003	-9.999727e-003	-1.994165e-002
3.734290581311702e-003	-9.999732e-003	-1.994559e-002
3.747719152740263e-003	-9.999756e-003	-1.994895e-002
3.764290581311680e-003	-9.999756e-003	-1.995275e-002
3.780862009883096e-003	-9.999756e-003	-1.995613e-002
3.797433438454513e-003	-9.999756e-003	-1.995908e-002
3.814004867025929e-003	-9.999756e-003	-1.996160e-002
3.830576295597345e-003	-9.999756e-003	-1.996369e-002
3.847147724168762e-003	-9.999756e-003	-1.996535e-002
3.863719152740178e-003	-9.999756e-003	-1.996659e-002
3.882862009883021e-003	-9.999780e-003	-1.996819e-002
3.902004867025864e-003	-9.999785e-003	-1.996961e-002
3.921147724168708e-003	-9.999770e-003	-1.997082e-002
3.940290581311550e-003	-9.999736e-003	-1.997184e-002
3.959433438454394e-003	-9.999683e-003	-1.997267e-002
3.978576295597236e-003	-9.999610e-003	-1.997330e-002
3.997719152740080e-003	-9.999517e-003	-1.997374e-002
3.999000000000001e-003	-9.999517e-003	-1.997374e-002
3.999438305480156e-003	-9.999994e-003	-1.997374e-002
4.000000000000000e-003	-9.999517e-003	-1.991271e-002
4.000999999999999e-003	9.995934e-003	-1.942729e-002
4.001742932259255e-003	1.001286e-002	-1.842164e-002
4.002521432988265e-003	9.984013e-003	-1.647757e-002
4.003503704735366e-003	1.001715e-002	-1.328038e-002
4.004503704735365e-003	9.982821e-003	-9.914384e-003
4.005503704735364e-003	1.001739e-002	-6.944643e-003
4.006503704735364e-003	9.983059e-003	-4.600511e-003
4.007503704735363e-003	1.001715e-002	-2.869115e-003
4.008503704735362e-003	9.983536e-003	-1.633630e-003
4.009503704735361e-003	1.001691e-002	-7.614952e-004
4.010503704735361e-003	9.983536e-003	-1.420837e-004
4.011503704735360e-003	1.001691e-002	3.094811e-004
4.012503704735359e-003	9.983536e-003	6.518502e-004
4.013503704735359e-003	1.001691e-002	9.250779e-004
4.014503704735358e-003	9.983536e-003	1.154913e-003
4.015503704735357e-003	1.001691e-002	1.357569e-003
4.016503704735356e-003	9.983536e-003	1.543536e-003
4.017503704735356e-003	1.001715e-002	1.719489e-003
4.018503704735355e-003	9.983297e-003	1.888289e-003
4.019503704735354e-003	1.001715e-002	2.052321e-003
4.021503704735353e-003	1.001715e-002	2.372279e-003
4.024217990449636e-003	1.001227e-002	2.792148e-003
4.026932276163920e-003	1.000742e-002	3.202442e-003
4.029646561878204e-003	1.000261e-002	3.603161e-003
4.032360847592487e-003	9.997846e-003	3.994303e-003
4.035075133306771e-003	9.993116e-003	4.375871e-003
4.037789419021055e-003	9.988426e-003	4.747862e-003
4.040503704735339e-003	9.983774e-003	5.110278e-003
4.045646561878192e-003	9.993384e-003	5.771845e-003
4.050789419021045e-003	9.999938e-003	6.406827e-003
4.055932276163899e-003	1.000344e-002	7.015223e-003
4.061075133306752e-003	1.000388e-002	7.597032e-003
4.066217990449606e-003	1.000127e-002	8.152255e-003
4.071360847592459e-003	9.995598e-003	8.680893e-003
4.076503704735312e-003	9.986874e-003	9.182944e-003
4.077503704735312e-003	1.001358e-002	9.278788e-003
4.087789419021018e-003	1.000624e-002	1.019829e-002
4.098075133306725e-003	1.000112e-002	1.105216e-002
4.108360847592431e-003	9.998220e-003	1.184040e-002
4.118646561878139e-003	9.997539e-003	1.256301e-002
4.128932276163845e-003	9.999077e-003	1.321999e-002
4.139217990449552e-003	1.000283e-002	1.381135e-002
4.149503704735259e-003	1.000881e-002	1.433708e-002
4.159789419020965e-003	1.000408e-002	1.482188e-002
4.170075133306672e-003	1.000079e-002	1.527209e-002
4.180360847592378e-003	9.998941e-003	1.568768e-002
4.190646561878086e-003	9.998532e-003	1.606868e-002
4.200932276163793e-003	9.999563e-003	1.641506e-002
4.211217990449499e-003	1.000204e-002	1.672685e-002
4.221503704735206e-003	1.000595e-002	1.700403e-002
4.231789419020912e-003	1.000276e-002	1.725954e-002
4.242075133306619e-003	1.000054e-002	1.749680e-002
4.252360847592326e-003	9.999291e-003	1.771581e-002
4.262646561878033e-003	9.999018e-003	1.791656e-002
4.272932276163740e-003	9.999719e-003	1.809905e-002
4.283217990449446e-003	1.000139e-002	1.826329e-002
4.293503704735153e-003	1.000404e-002	1.840927e-002
4.303932276163717e-003	1.000269e-002	1.854564e-002
4.314360847592280e-003	1.000149e-002	1.867221e-002
4.324789419020844e-003	1.000045e-002	1.878896e-002
4.335217990449408e-003	9.999563e-003	1.889591e-002
4.345646561877972e-003	9.998833e-003	1.899305e-002
4.356075133306535e-003	9.998259e-003	1.908038e-002
4.366503704735099e-003	9.997841e-003	1.915790e-002
4.377075133306520e-003	9.999169e-003	1.922995e-002
4.387646561877941e-003	1.000009e-002	1.929679e-002
4.398217990449362e-003	1.000060e-002	1.935841e-002
4.408789419020782e-003	1.000070e-002	1.941481e-002
4.419360847592203e-003	1.000040e-002	1.946600e-002
4.429932276163624e-003	9.999680e-003	1.951197e-002
4.440503704735045e-003	9.998556e-003	1.955272e-002
4.451360847592179e-003	9.999558e-003	1.959083e-002
4.462217990449315e-003	1.000025e-002	1.962613e-002
4.473075133306449e-003	1.000063e-002	1.965864e-002
4.483932276163585e-003	1.000070e-002	1.968834e-002
4.494789419020719e-003	1.000045e-002	1.971524e-002
4.505646561877854e-003	9.999899e-003	1.973933e-002
4.516503704734989e-003	9.999033e-003	1.976062e-002
4.527789419020695e-003	9.999422e-003	1.978078e-002
4.539075133306401e-003	9.999773e-003	1.979941e-002
4.550360847592107e-003	1.000008e-002	1.981653e-002
4.561646561877813e-003	1.000036e-002	1.983213e-002
4.572932276163519e-003	1.000059e-002	1.984621e-002
4.584217990449225e-003	1.000078e-002	1.985877e-002
4.595503704734931e-003	1.000094e-002	1.986982e-002
4.607789419020636e-003	1.000050e-002	1.988061e-002
4.620075133306341e-003	1.000019e-002	1.989051e-002
4.632360847592046e-003	1.000002e-002	1.989951e-002
4.644646561877752e-003	9.999987e-003	1.990761e-002
4.656932276163458e-003	1.000009e-002	1.991483e-002
4.669217990449163e-003	1.000033e-002	1.992114e-002
4.681503704734868e-003	1.000070e-002	1.992656e-002
4.695646561877715e-003	1.000054e-002	1.993247e-002
4.709789419020561e-003	1.000040e-002	1.993779e-002
4.723932276163408e-003	1.000028e-002	1.994253e-002
4.738075133306255e-003	1.000018e-002	1.994669e-002
4.752217990449102e-003	1.000009e-002	1.995026e-002
4.766360847591948e-003	1.000003e-002	1.995325e-002
4.780503704734795e-003	9.999987e-003	1.995565e-002
4.798646561877639e-003	1.000005e-002	1.995863e-002
4.816789419020483e-003	1.000012e-002	1.996129e-002
4.834932276163327e-003	1.000019e-002	1.996365e-002
4.853075133306170e-003	1.000026e-002	1.996569e-002
4.871217990449014e-003	1.000033e-002	1.996742e-002
4.889360847591858e-003	1.000040e-002	1.996884e-002
4.907503704734702e-003	1.000046e-002	1.996995e-002
4.920503704734692e-003	1.000040e-002	1.997055e-002
4.933503704734683e-003	1.000033e-002	1.997110e-002
4.946503704734673e-003	1.000026e-002	1.997162e-002
4.959503704734664e-003	1.000019e-002	1.997209e-002
4.972503704734654e-003	1.000012e-002	1.997253e-002
4.985503704734644e-003	1.000005e-002	1.997293e-002
4.998503704734635e-003	9.999987e-003	1.997329e-002
4.999000000000101e-003	1.000046e-002	1.997329e-002
4.999007409469168e-003	9.999987e-003	1.997329e-002
4.999022228407304e-003	1.000046e-002	1.997329e-002
4.999051866283575e-003	9.999987e-003	1.997329e-002
4.999111142036118e-003	1.000046e-002	1.997329e-002
4.999229693541203e-003	9.999987e-003	1.997329e-002
4.999466796551373e-003	1.000046e-002	1.997329e-002
4.999643788836539e-003	1.000046e-002	1.997329e-002
4.999764010286545e-003	9.999987e-003	1.997329e-002
5.000000000000102e-003	9.697672e-003	1.996614e-002
5.000418290899908e-003	-9.980206e-003	1.990749e-002
5.000738236276737e-003	-1.004839e-002	1.977111e-002
5.001072040975146e-003	-9.952549e-003	1.944925e-002
5.001572598077871e-003	-1.004482e-002	1.861669e-002
5.002149099739681e-003	-9.955172e-003	1.722242e-002
5.002898873343162e-003	-1.004410e-002	1.493598e-002
5.003898873343161e-003	-9.955648e-003	1.162912e-002
5.004898873343161e-003	-1.004386e-002	8.496298e-003
5.005898873343160e-003	-9.955648e-003	5.848422e-003
5.006898873343159e-003	-1.004410e-002	3.789439e-003
5.007898873343158e-003	-9.955410e-003	2.272143e-003
5.008898873343158e-003	-1.004410e-002	1.186861e-003
5.009898873343157e-003	-9.955172e-003	4.186768e-004
5.010898873343156e-003	-1.004434e-002	-1.315933e-004
5.011898873343156e-003	-9.955172e-003	-5.373817e-004
5.012898873343155e-003	-1.004434e-002	-8.501869e-004
5.013898873343154e-003	-9.955172e-003	-1.104818e-003
5.014898873343153e-003	-1.004434e-002	-1.322732e-003
5.015898873343153e-003	-9.955410e-003	-1.518236e-003
5.016898873343152e-003	-1.004410e-002	-1.699434e-003
5.017898873343151e-003	-9.955410e-003	-1.871095e-003
5.018898873343150e-003	-1.004386e-002	-2.037511e-003
5.019898873343150e-003	-9.955648e-003	-2.200113e-003
5.021898873343148e-003	-9.956125e-003	-2.516256e-003
5.025327444771717e-003	-9.982050e-003	-3.039911e-003
5.028756016200286e-003	-9.999605e-003	-3.548891e-003
5.032184587628855e-003	-1.000879e-002	-4.043196e-003
5.035613159057424e-003	-1.000961e-002	-4.522826e-003
5.039041730485993e-003	-1.000206e-002	-4.987781e-003
5.042470301914561e-003	-9.986137e-003	-5.438061e-003
5.045898873343131e-003	-9.961847e-003	-5.873666e-003
5.051898873343126e-003	-9.983290e-003	-6.601787e-003
5.057898873343122e-003	-9.998097e-003	-7.296509e-003
5.063898873343117e-003	-1.000627e-002	-7.957834e-003
5.069898873343113e-003	-1.000780e-002	-8.585760e-003
5.075898873343109e-003	-1.000269e-002	-9.180289e-003
5.081898873343104e-003	-9.990954e-003	-9.741419e-003
5.087898873343100e-003	-9.972576e-003	-1.026915e-002
5.088898873343099e-003	-1.002670e-002	-1.035546e-002
5.099184587628806e-003	-1.001208e-002	-1.118254e-002
5.109470301914512e-003	-1.000179e-002	-1.195057e-002
5.119756016200219e-003	-9.995854e-003	-1.265955e-002
5.130041730485926e-003	-9.994253e-003	-1.330947e-002
5.140327444771633e-003	-9.996992e-003	-1.390035e-002
5.150613159057339e-003	-1.000407e-002	-1.443218e-002
5.160898873343046e-003	-1.001549e-002	-1.490496e-002
5.171184587628753e-003	-1.000690e-002	-1.534079e-002
5.181470301914459e-003	-1.000087e-002	-1.574556e-002
5.191756016200166e-003	-9.997420e-003	-1.611926e-002
5.202041730485873e-003	-9.996535e-003	-1.646190e-002
5.212327444771580e-003	-9.998218e-003	-1.677348e-002
5.222613159057287e-003	-1.000247e-002	-1.705400e-002
5.232898873342993e-003	-1.000929e-002	-1.730345e-002
5.243184587628700e-003	-1.000408e-002	-1.753320e-002
5.253470301914406e-003	-1.000042e-002	-1.774656e-002
5.263756016200113e-003	-9.998316e-003	-1.794353e-002
5.274041730485820e-003	-9.997771e-003	-1.812412e-002
5.284327444771527e-003	-9.998783e-003	-1.828832e-002
5.294613159057234e-003	-1.000135e-002	-1.843613e-002
5.304898873342940e-003	-1.000548e-002	-1.856755e-002
5.315327444771504e-003	-1.000351e-002	-1.869017e-002
5.325756016200067e-003	-1.000175e-002	-1.880396e-002
5.336184587628631e-003	-1.000021e-002	-1.890892e-002
5.346613159057195e-003	-9.998880e-003	-1.900503e-002
5.357041730485759e-003	-9.997766e-003	-1.909231e-002
5.367470301914323e-003	-9.996866e-003	-1.917076e-002
5.377898873342887e-003	-9.996180e-003	-1.924037e-002
5.388470301914307e-003	-9.998136e-003	-1.930524e-002
5.399041730485729e-003	-9.999508e-003	-1.936541e-002
5.409613159057149e-003	-1.000030e-002	-1.942087e-002
5.420184587628570e-003	-1.000050e-002	-1.947162e-002
5.430756016199990e-003	-1.000012e-002	-1.951766e-002
5.441327444771412e-003	-9.999157e-003	-1.955899e-002
5.451898873342832e-003	-9.997610e-003	-1.959561e-002
5.462756016199967e-003	-9.998797e-003	-1.963002e-002
5.473613159057102e-003	-9.999634e-003	-1.966186e-002
5.484470301914237e-003	-1.000012e-002	-1.969113e-002
5.495327444771372e-003	-1.000026e-002	-1.971784e-002
5.506184587628507e-003	-1.000004e-002	-1.974197e-002
5.517041730485642e-003	-9.999479e-003	-1.976353e-002
5.527898873342776e-003	-9.998564e-003	-1.978253e-002
5.539327444771340e-003	-9.999191e-003	-1.980095e-002
5.550756016199902e-003	-9.999644e-003	-1.981793e-002
5.562184587628465e-003	-9.999921e-003	-1.983347e-002
5.573613159057029e-003	-1.000002e-002	-1.984757e-002
5.585041730485592e-003	-9.999950e-003	-1.986023e-002
5.596470301914154e-003	-9.999702e-003	-1.987145e-002
5.607898873342718e-003	-9.999279e-003	-1.988123e-002
5.620327444771298e-003	-9.999440e-003	-1.989093e-002
5.632756016199877e-003	-9.999581e-003	-1.989984e-002
5.645184587628457e-003	-9.999702e-003	-1.990798e-002
5.657613159057036e-003	-9.999805e-003	-1.991533e-002
5.670041730485616e-003	-9.999887e-003	-1.992191e-002
5.682470301914195e-003	-9.999950e-003	-1.992771e-002
5.694898873342775e-003	-9.999994e-003	-1.993273e-002
5.709470301914218e-003	-9.999902e-003	-1.993800e-002
5.724041730485662e-003	-9.999829e-003	-1.994276e-002
5.738613159057104e-003	-9.999775e-003	-1.994701e-002
5.753184587628548e-003	-9.999741e-003	-1.995076e-002
5.767756016199991e-003	-9.999727e-003	-1.995400e-002
5.782327444771434e-003	-9.999732e-003	-1.995673e-002
5.796898873342877e-003	-9.999756e-003	-1.995896e-002
5.816041730485754e-003	-9.999780e-003	-1.996166e-002
5.835184587628630e-003	-9.999785e-003	-1.996406e-002
5.854327444771506e-003	-9.999770e-003	-1.996614e-002
5.873470301914382e-003	-9.999736e-003	-1.996791e-002
5.892613159057258e-003	-9.999683e-003	-1.996937e-002
5.911756016200135e-003	-9.999610e-003	-1.997052e-002
5.930898873343011e-003	-9.999517e-003	-1.997136e-002
5.940470301914449e-003	-9.999586e-003	-1.997181e-002
5.950041730485888e-003	-9.999654e-003	-1.997223e-002
5.959613159057325e-003	-9.999722e-003	-1.997261e-002
5.969184587628764e-003	-9.999790e-003	-1.997295e-002
5.978756016200202e-003	-9.999858e-003	-1.997325e-002
5.988327444771640e-003	-9.999926e-003	-1.997352e-002
5.997898873343078e-003	-9.999994e-003	-1.997374e-002
5.998898873343079e-003	-9.999517e-003	-1.997374e-002
5.999202253313839e-003	-9.999517e-003	-1.997374e-002
5.999606759941519e-003	-9.999994e-003	-1.997374e-002
6.000000000000000e-003	-9.999517e-003	-1.997374e-002
