Time	Vin	Vo
0.000000000000000e+000	-1.001215e-002	-1.995596e-002
2.583856494216275e-008	9.716745e-003	-1.995596e-002
7.751569482475351e-008	1.035142e-002	-1.995596e-002
1.128497147551838e-007	9.725090e-003	-1.995549e-002
1.586034458992552e-007	1.028490e-002	-1.995453e-002
2.000607960805229e-007	9.795900e-003	-1.995310e-002
2.548141774458279e-007	1.021385e-002	-1.995024e-002
3.336443632866171e-007	9.824749e-003	-1.994356e-002
4.531899811099222e-007	1.017379e-002	-1.992497e-002
6.922812167565323e-007	9.828564e-003	-1.985344e-002
1.083191730396130e-006	1.016831e-002	-1.961455e-002
1.809778151139196e-006	9.834047e-003	-1.880297e-002
2.809778151138462e-006	1.016545e-002	-1.711354e-002
3.809778151137727e-006	9.836908e-003	-1.495966e-002
4.809778151136993e-006	1.016235e-002	-1.258692e-002
5.809778151136258e-006	9.839293e-003	-1.024803e-002
6.809778151135523e-006	1.016020e-002	-8.100360e-003
7.809778151134789e-006	9.841200e-003	-6.216853e-003
8.809778151134054e-006	1.015806e-002	-4.611343e-003
9.809778151133319e-006	9.843346e-003	-3.268092e-003
1.080977815113259e-005	1.015615e-002	-2.158015e-003
1.180977815113185e-005	9.845253e-003	-1.245826e-003
1.280977815113112e-005	1.015424e-002	-4.981452e-004
1.380977815113038e-005	9.847160e-003	1.155442e-004
1.480977815112965e-005	1.015234e-002	6.224221e-004
1.580977815112891e-005	9.849068e-003	1.044423e-003
1.680977815112818e-005	1.015043e-002	1.400620e-003
1.780977815112744e-005	9.851213e-003	1.705319e-003
1.880977815112671e-005	1.014852e-002	1.970441e-003
1.980977815112597e-005	9.852882e-003	2.205045e-003
2.080977815112524e-005	1.014661e-002	2.417714e-003
2.180977815112450e-005	9.854790e-003	2.613217e-003
2.280977815112377e-005	1.014471e-002	2.795846e-003
2.380977815112303e-005	9.856697e-003	2.968938e-003
2.480977815112230e-005	1.014280e-002	3.134877e-003
2.580977815112157e-005	9.858604e-003	3.296048e-003
2.780977815112010e-005	9.860273e-003	3.605992e-003
3.080977815111789e-005	1.013755e-002	4.052312e-003
4.109549243682463e-005	1.006157e-002	5.464343e-003
5.138120672253136e-005	1.000856e-002	6.773339e-003
6.166692100823809e-005	9.978505e-003	7.979299e-003
7.195263529394483e-005	9.971420e-003	9.082224e-003
8.223834957965156e-005	9.987302e-003	1.008211e-002
9.252406386535828e-005	1.002615e-002	1.097897e-002
1.028097781510650e-004	1.008796e-002	1.177278e-002
1.126669210082006e-004	1.005796e-002	1.247397e-002
1.225240638653363e-004	1.003103e-002	1.312548e-002
1.323812067224719e-004	1.000718e-002	1.372733e-002
1.422383495796075e-004	9.986407e-003	1.427951e-002
1.520954924367431e-004	9.968705e-003	1.478201e-002
1.619526352938787e-004	9.954079e-003	1.523485e-002
1.718097781510143e-004	9.942528e-003	1.563802e-002
1.818097781510070e-004	9.974583e-003	1.601471e-002
1.918097781509996e-004	9.996907e-003	1.636437e-002
2.018097781509923e-004	1.000950e-002	1.668703e-002
2.118097781509849e-004	1.001236e-002	1.698267e-002
2.218097781509776e-004	1.000549e-002	1.725129e-002
2.318097781509703e-004	9.988888e-003	1.749290e-002
2.418097781509629e-004	9.962555e-003	1.770750e-002
2.518097781509555e-004	9.983497e-003	1.790537e-002
2.618097781509482e-004	9.998094e-003	1.808903e-002
2.718097781509409e-004	1.000635e-002	1.825848e-002
2.818097781509335e-004	1.000825e-002	1.841372e-002
2.918097781509262e-004	1.000382e-002	1.855476e-002
3.018097781509188e-004	9.993034e-003	1.868159e-002
3.118097781509115e-004	9.975906e-003	1.879421e-002
3.218097781509041e-004	9.989394e-003	1.889805e-002
3.318097781508968e-004	9.998795e-003	1.899446e-002
3.418097781508894e-004	1.000411e-002	1.908344e-002
3.518097781508821e-004	1.000533e-002	1.916497e-002
3.618097781508747e-004	1.000247e-002	1.923908e-002
3.718097781508674e-004	9.995525e-003	1.930575e-002
3.818097781508600e-004	9.984489e-003	1.936498e-002
3.920954924365668e-004	9.993248e-003	1.942091e-002
4.023812067222735e-004	9.999359e-003	1.947275e-002
4.126669210079802e-004	1.000282e-002	1.952050e-002
4.229526352936870e-004	1.000364e-002	1.956417e-002
4.332383495793937e-004	1.000181e-002	1.960374e-002
4.435240638651004e-004	9.997335e-003	1.963923e-002
4.538097781508071e-004	9.990211e-003	1.967064e-002
4.643812067222280e-004	9.995778e-003	1.970006e-002
4.749526352936487e-004	9.999670e-003	1.972731e-002
4.855240638650696e-004	1.000189e-002	1.975238e-002
4.960954924364904e-004	1.000243e-002	1.977527e-002
5.066669210079112e-004	1.000131e-002	1.979598e-002
5.172383495793320e-004	9.998503e-003	1.981450e-002
5.278097781507528e-004	9.994026e-003	1.983085e-002
5.389526352936018e-004	9.997379e-003	1.984676e-002
5.500954924364507e-004	9.999738e-003	1.986139e-002
5.612383495792997e-004	1.000111e-002	1.987473e-002
5.723812067221486e-004	1.000148e-002	1.988679e-002
5.835240638649976e-004	1.000086e-002	1.989756e-002
5.946669210078466e-004	9.999252e-003	1.990705e-002
6.058097781506955e-004	9.996649e-003	1.991525e-002
6.180954924364007e-004	9.998580e-003	1.992362e-002
6.303812067221060e-004	9.999948e-003	1.993129e-002
6.426669210078113e-004	1.000075e-002	1.993826e-002
6.549526352935166e-004	1.000099e-002	1.994453e-002
6.672383495792218e-004	1.000066e-002	1.995009e-002
6.795240638649271e-004	9.999773e-003	1.995496e-002
6.918097781506323e-004	9.998318e-003	1.995912e-002
7.065240638649072e-004	9.999077e-003	1.996361e-002
7.212383495791821e-004	9.999719e-003	1.996767e-002
7.359526352934571e-004	1.000024e-002	1.997130e-002
7.506669210077320e-004	1.000065e-002	1.997450e-002
7.653812067220068e-004	1.000095e-002	1.997727e-002
7.800954924362818e-004	1.000112e-002	1.997962e-002
7.948097781505566e-004	1.000118e-002	1.998153e-002
8.145240638648279e-004	1.000067e-002	1.998378e-002
8.342383495790991e-004	1.000029e-002	1.998576e-002
8.539526352933704e-004	1.000005e-002	1.998746e-002
8.736669210076416e-004	9.999953e-003	1.998889e-002
8.933812067219128e-004	9.999987e-003	1.999005e-002
9.130954924361841e-004	1.000016e-002	1.999093e-002
9.328097781504553e-004	1.000046e-002	1.999155e-002
9.420954924361627e-004	1.000040e-002	1.999182e-002
9.513812067218702e-004	1.000033e-002	1.999209e-002
9.606669210075777e-004	1.000026e-002	1.999236e-002
9.699526352932852e-004	1.000019e-002	1.999264e-002
9.792383495789926e-004	1.000012e-002	1.999291e-002
9.885240638647002e-004	1.000005e-002	1.999318e-002
9.978097781504075e-004	9.999987e-003	1.999345e-002
9.988097781504068e-004	1.000046e-002	1.999345e-002
9.993804436994880e-004	1.000046e-002	1.999345e-002
1.000000000000100e-003	1.000023e-002	1.997390e-002
1.001000000000099e-003	-9.994987e-003	1.982656e-002
1.001758381871401e-003	-1.001430e-002	1.950231e-002
1.002553101540030e-003	-9.980921e-003	1.881853e-002
1.003551065927111e-003	-1.002002e-002	1.752392e-002
1.004551065927110e-003	-9.979252e-003	1.588073e-002
1.005551065927110e-003	-1.002026e-002	1.402298e-002
1.006551065927109e-003	-9.979490e-003	1.208893e-002
1.007551065927108e-003	-1.001978e-002	1.018348e-002
1.008551065927107e-003	-9.979967e-003	8.376271e-003
1.009551065927107e-003	-1.001954e-002	6.711633e-003
1.010551065927106e-003	-9.980206e-003	5.212457e-003
1.011551065927105e-003	-1.001931e-002	3.886849e-003
1.012551065927105e-003	-9.980206e-003	2.732427e-003
1.013551065927104e-003	-1.001931e-002	1.737744e-003
1.014551065927103e-003	-9.980206e-003	8.884972e-004
1.015551065927102e-003	-1.001931e-002	1.670426e-004
1.016551065927102e-003	-9.980206e-003	-4.442626e-004
1.017551065927101e-003	-1.001931e-002	-9.630615e-004
1.018551065927100e-003	-9.980206e-003	-1.403659e-003
1.019551065927099e-003	-1.001931e-002	-1.781314e-003
1.020551065927099e-003	-9.980206e-003	-2.108424e-003
1.021551065927098e-003	-1.001931e-002	-2.393573e-003
1.022551065927097e-003	-9.980206e-003	-2.646773e-003
1.023551065927096e-003	-1.001931e-002	-2.874225e-003
1.024551065927096e-003	-9.980206e-003	-3.081649e-003
1.025551065927095e-003	-1.001931e-002	-3.273814e-003
1.026551065927094e-003	-9.980206e-003	-3.453105e-003
1.027551065927094e-003	-1.001907e-002	-3.623813e-003
1.028551065927093e-003	-9.980444e-003	-3.786891e-003
1.029551065927092e-003	-1.001907e-002	-3.944247e-003
1.030551065927091e-003	-9.980444e-003	-4.097789e-003
1.032551065927090e-003	-9.980682e-003	-4.393905e-003
1.035551065927088e-003	-1.001859e-002	-4.820674e-003
1.039979637355656e-003	-1.001261e-002	-5.422890e-003
1.044408208784224e-003	-1.000700e-002	-6.003386e-003
1.048836780212792e-003	-1.000176e-002	-6.562161e-003
1.053265351641360e-003	-9.996890e-003	-7.099216e-003
1.057693923069928e-003	-9.992389e-003	-7.614551e-003
1.062122494498497e-003	-9.988258e-003	-8.108165e-003
1.066551065927065e-003	-9.984497e-003	-8.580058e-003
1.076408208784201e-003	-9.989864e-003	-9.551327e-003
1.086265351641336e-003	-9.994589e-003	-1.045370e-002
1.096122494498472e-003	-9.998671e-003	-1.128717e-002
1.105979637355607e-003	-1.000211e-002	-1.205174e-002
1.115836780212743e-003	-1.000491e-002	-1.274742e-002
1.125693923069878e-003	-1.000706e-002	-1.337420e-002
1.135551065927014e-003	-1.000858e-002	-1.393208e-002
1.145408208784150e-003	-1.000548e-002	-1.444633e-002
1.155265351641285e-003	-1.000274e-002	-1.492411e-002
1.165122494498421e-003	-1.000034e-002	-1.536542e-002
1.174979637355557e-003	-9.998301e-003	-1.577026e-002
1.184836780212692e-003	-9.996608e-003	-1.613862e-002
1.194693923069828e-003	-9.995265e-003	-1.647051e-002
1.204551065926963e-003	-9.994272e-003	-1.676592e-002
1.214551065926956e-003	-9.997323e-003	-1.704205e-002
1.224551065926949e-003	-9.999459e-003	-1.729836e-002
1.234551065926941e-003	-1.000068e-002	-1.753487e-002
1.244551065926934e-003	-1.000099e-002	-1.775155e-002
1.254551065926927e-003	-1.000038e-002	-1.794843e-002
1.264551065926919e-003	-9.998856e-003	-1.812549e-002
1.274551065926912e-003	-9.996418e-003	-1.828274e-002
1.284551065926905e-003	-9.998282e-003	-1.842756e-002
1.294551065926897e-003	-9.999581e-003	-1.856203e-002
1.304551065926890e-003	-1.000032e-002	-1.868614e-002
1.314551065926883e-003	-1.000049e-002	-1.879990e-002
1.324551065926875e-003	-1.000009e-002	-1.890331e-002
1.334551065926868e-003	-9.999133e-003	-1.899636e-002
1.344551065926861e-003	-9.997610e-003	-1.907906e-002
1.354693923069710e-003	-9.998296e-003	-1.915604e-002
1.364836780212560e-003	-9.998924e-003	-1.922746e-002
1.374979637355410e-003	-9.999493e-003	-1.929331e-002
1.385122494498259e-003	-1.000000e-002	-1.935360e-002
1.395265351641109e-003	-1.000046e-002	-1.940832e-002
1.405408208783959e-003	-1.000085e-002	-1.945747e-002
1.415551065926808e-003	-1.000119e-002	-1.950106e-002
1.425979637355372e-003	-1.000070e-002	-1.954200e-002
1.436408208783936e-003	-1.000028e-002	-1.957994e-002
1.446836780212500e-003	-9.999916e-003	-1.961489e-002
1.457265351641064e-003	-9.999610e-003	-1.964684e-002
1.467693923069627e-003	-9.999362e-003	-1.967579e-002
1.478122494498191e-003	-9.999172e-003	-1.970174e-002
1.488551065926755e-003	-9.999041e-003	-1.972470e-002
1.499408208783890e-003	-9.999483e-003	-1.974654e-002
1.510265351641025e-003	-9.999790e-003	-1.976672e-002
1.521122494498159e-003	-9.999960e-003	-1.978522e-002
1.531979637355294e-003	-9.999994e-003	-1.980204e-002
1.542836780212429e-003	-9.999892e-003	-1.981719e-002
1.553693923069564e-003	-9.999654e-003	-1.983067e-002
1.564551065926699e-003	-9.999279e-003	-1.984248e-002
1.576122494498119e-003	-9.999440e-003	-1.985381e-002
1.587693923069539e-003	-9.999581e-003	-1.986425e-002
1.599265351640959e-003	-9.999702e-003	-1.987380e-002
1.610836780212379e-003	-9.999805e-003	-1.988245e-002
1.622408208783799e-003	-9.999887e-003	-1.989021e-002
1.633979637355219e-003	-9.999950e-003	-1.989707e-002
1.645551065926640e-003	-9.999994e-003	-1.990303e-002
1.658836780212344e-003	-9.999902e-003	-1.990935e-002
1.672122494498049e-003	-9.999829e-003	-1.991508e-002
1.685408208783753e-003	-9.999775e-003	-1.992023e-002
1.698693923069458e-003	-9.999741e-003	-1.992479e-002
1.711979637355162e-003	-9.999727e-003	-1.992877e-002
1.725265351640867e-003	-9.999732e-003	-1.993217e-002
1.738551065926571e-003	-9.999756e-003	-1.993498e-002
1.755265351640845e-003	-9.999756e-003	-1.993810e-002
1.771979637355118e-003	-9.999756e-003	-1.994090e-002
1.788693923069391e-003	-9.999756e-003	-1.994339e-002
1.805408208783665e-003	-9.999756e-003	-1.994557e-002
1.822122494497938e-003	-9.999756e-003	-1.994744e-002
1.838836780212212e-003	-9.999756e-003	-1.994899e-002
1.855551065926485e-003	-9.999756e-003	-1.995024e-002
1.875979637355042e-003	-9.999756e-003	-1.995152e-002
1.896408208783598e-003	-9.999756e-003	-1.995265e-002
1.916836780212155e-003	-9.999756e-003	-1.995363e-002
1.937265351640711e-003	-9.999756e-003	-1.995444e-002
1.957693923069267e-003	-9.999756e-003	-1.995511e-002
1.978122494497824e-003	-9.999756e-003	-1.995561e-002
1.998551065926380e-003	-9.999756e-003	-1.995596e-002
1.999000000000001e-003	-9.999756e-003	-1.995596e-002
1.999306395558275e-003	-9.999756e-003	-1.995596e-002
1.999591472588968e-003	-9.999756e-003	-1.995596e-002
2.000000000000000e-003	-9.999756e-003	-1.994595e-002
2.000727487723709e-003	9.992834e-003	-1.986250e-002
2.001266412766193e-003	1.002073e-002	-1.966795e-002
2.001829679879446e-003	9.976383e-003	-1.920876e-002
2.002597581000949e-003	1.002407e-002	-1.814303e-002
2.003597581000948e-003	9.976383e-003	-1.622280e-002
2.004597581000947e-003	1.002383e-002	-1.395211e-002
2.005597581000947e-003	9.977098e-003	-1.157841e-002
2.006597581000946e-003	1.002335e-002	-9.313434e-003
2.007597581000945e-003	9.977337e-003	-7.276862e-003
2.008597581000944e-003	1.002311e-002	-5.513042e-003
2.009597581000944e-003	9.977575e-003	-4.021972e-003
2.010597581000943e-003	1.002311e-002	-2.780765e-003
2.011597581000942e-003	9.977337e-003	-1.757949e-003
2.012597581000942e-003	1.002311e-002	-9.182388e-004
2.013597581000941e-003	9.977337e-003	-2.296859e-004
2.014597581000940e-003	1.002335e-002	3.367966e-004
2.015597581000939e-003	9.977098e-003	8.060044e-004
2.016597581000939e-003	1.002335e-002	1.198918e-003
2.017597581000938e-003	9.977098e-003	1.531751e-003
2.018597581000937e-003	1.002359e-002	1.818807e-003
2.019597581000936e-003	9.976860e-003	2.070577e-003
2.020597581000936e-003	1.002359e-002	2.295644e-003
2.021597581000935e-003	9.976860e-003	2.500684e-003
2.022597581000934e-003	1.002359e-002	2.690465e-003
2.023597581000933e-003	9.976860e-003	2.868802e-003
2.024597581000933e-003	1.002359e-002	3.039033e-003
2.025597581000932e-003	9.976860e-003	3.202588e-003
2.026597581000931e-003	1.002359e-002	3.361375e-003
2.028597581000930e-003	1.002335e-002	3.668935e-003
2.030597581000928e-003	1.002335e-002	3.966958e-003
2.034597581000925e-003	1.000963e-002	4.542306e-003
2.038597581000922e-003	1.000035e-002	5.099008e-003
2.042597581000919e-003	9.995500e-003	5.637065e-003
2.046597581000917e-003	9.995092e-003	6.156477e-003
2.050597581000914e-003	9.999121e-003	6.657244e-003
2.054597581000911e-003	1.000759e-002	7.139365e-003
2.058597581000908e-003	1.002049e-002	7.602841e-003
2.068454723858043e-003	1.001350e-002	8.659668e-003
2.078311866715179e-003	1.000726e-002	9.641602e-003
2.088169009572315e-003	1.000175e-002	1.054864e-002
2.098026152429450e-003	9.996980e-003	1.138079e-002
2.107883295286586e-003	9.992951e-003	1.213805e-002
2.117740438143721e-003	9.989662e-003	1.282041e-002
2.127597581000857e-003	9.987112e-003	1.342788e-002
2.137454723857993e-003	9.991554e-003	1.398819e-002
2.147311866715128e-003	9.995549e-003	1.450875e-002
2.157169009572264e-003	9.999096e-003	1.498956e-002
2.167026152429399e-003	1.000220e-002	1.543064e-002
2.176883295286535e-003	1.000485e-002	1.583197e-002
2.186740438143671e-003	1.000705e-002	1.619356e-002
2.196597581000806e-003	1.000881e-002	1.651540e-002
2.206597581000799e-003	1.000408e-002	1.681620e-002
2.216597581000792e-003	1.000079e-002	1.709543e-002
2.226597581000784e-003	9.998941e-003	1.735310e-002
2.236597581000777e-003	9.998532e-003	1.758920e-002
2.246597581000770e-003	9.999563e-003	1.780374e-002
2.256597581000762e-003	1.000204e-002	1.799671e-002
2.266597581000755e-003	1.000595e-002	1.816812e-002
2.276597581000748e-003	1.000276e-002	1.832615e-002
2.286597581000740e-003	1.000054e-002	1.847285e-002
2.296597581000733e-003	9.999291e-003	1.860822e-002
2.306597581000726e-003	9.999018e-003	1.873227e-002
2.316597581000718e-003	9.999719e-003	1.884499e-002
2.326597581000711e-003	1.000139e-002	1.894638e-002
2.336597581000703e-003	1.000404e-002	1.903644e-002
2.346740438143553e-003	1.000269e-002	1.912028e-002
2.356883295286403e-003	1.000149e-002	1.919808e-002
2.367026152429252e-003	1.000045e-002	1.926985e-002
2.377169009572102e-003	9.999563e-003	1.933558e-002
2.387311866714952e-003	9.998833e-003	1.939529e-002
2.397454723857802e-003	9.998259e-003	1.944896e-002
2.407597581000651e-003	9.997841e-003	1.949659e-002
2.417883295286358e-003	9.999169e-003	1.954082e-002
2.428169009572065e-003	1.000009e-002	1.958182e-002
2.438454723857772e-003	1.000060e-002	1.961959e-002
2.448740438143478e-003	1.000070e-002	1.965412e-002
2.459026152429185e-003	1.000040e-002	1.968543e-002
2.469311866714892e-003	9.999680e-003	1.971350e-002
2.479597581000598e-003	9.998556e-003	1.973835e-002
2.490311866714876e-003	9.999106e-003	1.976216e-002
2.501026152429154e-003	9.999597e-003	1.978414e-002
2.511740438143432e-003	1.000003e-002	1.980430e-002
2.522454723857710e-003	1.000041e-002	1.982262e-002
2.533169009571988e-003	1.000072e-002	1.983912e-002
2.543883295286265e-003	1.000098e-002	1.985378e-002
2.554597581000543e-003	1.000118e-002	1.986662e-002
2.566026152429106e-003	1.000062e-002	1.987914e-002
2.577454723857669e-003	1.000023e-002	1.989069e-002
2.588883295286232e-003	1.000003e-002	1.990127e-002
2.600311866714796e-003	9.999992e-003	1.991087e-002
2.611740438143358e-003	1.000013e-002	1.991951e-002
2.623169009571922e-003	1.000045e-002	1.992716e-002
2.634597581000485e-003	1.000094e-002	1.993385e-002
2.647597581000475e-003	1.000071e-002	1.994057e-002
2.660597581000465e-003	1.000050e-002	1.994672e-002
2.673597581000456e-003	1.000031e-002	1.995227e-002
2.686597581000446e-003	1.000014e-002	1.995724e-002
2.699597581000437e-003	9.999992e-003	1.996163e-002
2.712597581000427e-003	9.999860e-003	1.996544e-002
2.725597581000418e-003	9.999748e-003	1.996866e-002
2.741597581000406e-003	9.999957e-003	1.997228e-002
2.757597581000394e-003	1.000011e-002	1.997551e-002
2.773597581000382e-003	1.000020e-002	1.997835e-002
2.789597581000371e-003	1.000023e-002	1.998080e-002
2.805597581000359e-003	1.000021e-002	1.998287e-002
2.821597581000347e-003	1.000013e-002	1.998454e-002
2.837597581000335e-003	9.999987e-003	1.998583e-002
2.860169009571748e-003	1.000010e-002	1.998762e-002
2.882740438143159e-003	1.000018e-002	1.998917e-002
2.905311866714572e-003	1.000022e-002	1.999050e-002
2.927883295285983e-003	1.000022e-002	1.999159e-002
2.950454723857395e-003	1.000018e-002	1.999244e-002
2.973026152428808e-003	1.000010e-002	1.999307e-002
2.995597581000219e-003	9.999987e-003	1.999345e-002
2.998597581000217e-003	1.000046e-002	1.999345e-002
2.999195162000335e-003	1.000046e-002	1.999345e-002
2.999585486000803e-003	9.999987e-003	1.999345e-002
3.000000000000102e-003	9.697195e-003	1.998201e-002
3.000829027998699e-003	-9.994034e-003	1.988426e-002
3.001440066714050e-003	-1.001835e-002	1.967731e-002
3.002084477099038e-003	-9.976868e-003	1.922241e-002
3.002955683783016e-003	-1.002336e-002	1.824489e-002
3.003955683783015e-003	-9.976152e-003	1.674572e-002
3.004955683783015e-003	-1.002312e-002	1.497093e-002
3.005955683783014e-003	-9.976868e-003	1.305643e-002
3.006955683783013e-003	-1.002241e-002	1.112381e-002
3.007955683783013e-003	-9.977345e-003	9.259850e-003
3.008955683783012e-003	-1.002217e-002	7.518918e-003
3.009955683783011e-003	-9.977583e-003	5.935342e-003
3.010955683783010e-003	-1.002193e-002	4.522950e-003
3.011955683783010e-003	-9.977583e-003	3.284127e-003
3.012955683783009e-003	-1.002193e-002	2.211720e-003
3.013955683783008e-003	-9.977583e-003	1.292378e-003
3.014955683783007e-003	-1.002193e-002	5.098885e-004
3.015955683783007e-003	-9.977345e-003	-1.538688e-004
3.016955683783006e-003	-1.002217e-002	-7.160598e-004
3.017955683783005e-003	-9.977345e-003	-1.193851e-003
3.018955683783004e-003	-1.002217e-002	-1.601070e-003
3.019955683783004e-003	-9.977345e-003	-1.951545e-003
3.020955683783003e-003	-1.002217e-002	-2.256244e-003
3.021955683783002e-003	-9.977345e-003	-2.524703e-003
3.022955683783002e-003	-1.002217e-002	-2.763599e-003
3.023955683783001e-003	-9.977583e-003	-2.980559e-003
3.024955683783000e-003	-1.002193e-002	-3.179877e-003
3.025955683782999e-003	-9.977583e-003	-3.365367e-003
3.026955683782999e-003	-1.002193e-002	-3.539889e-003
3.027955683782998e-003	-9.977821e-003	-3.706306e-003
3.028955683782997e-003	-1.002169e-002	-3.866523e-003
3.029955683782996e-003	-9.977821e-003	-4.021495e-003
3.031955683782995e-003	-9.978060e-003	-4.320949e-003
3.034955683782993e-003	-1.002121e-002	-4.750579e-003
3.037098540925848e-003	-1.001477e-002	-5.047454e-003
3.039241398068704e-003	-1.000852e-002	-5.338763e-003
3.041384255211559e-003	-1.000247e-002	-5.624505e-003
3.043527112354415e-003	-9.996613e-003	-5.904681e-003
3.045669969497271e-003	-9.990949e-003	-6.179290e-003
3.047812826640126e-003	-9.985480e-003	-6.448333e-003
3.049955683782982e-003	-9.980206e-003	-6.711810e-003
3.050955683782981e-003	-1.001907e-002	-6.833404e-003
3.060955683782974e-003	-1.000857e-002	-7.968889e-003
3.070955683782966e-003	-1.000118e-002	-9.022904e-003
3.080955683782959e-003	-9.996909e-003	-9.995447e-003
3.090955683782952e-003	-9.995751e-003	-1.088652e-002
3.100955683782944e-003	-9.997707e-003	-1.169612e-002
3.110955683782937e-003	-1.000278e-002	-1.242425e-002
3.120955683782930e-003	-1.001096e-002	-1.307091e-002
3.130812826640065e-003	-1.000706e-002	-1.365871e-002
3.140669969497201e-003	-1.000361e-002	-1.420483e-002
3.150527112354337e-003	-1.000061e-002	-1.470925e-002
3.160384255211472e-003	-9.998058e-003	-1.517199e-002
3.170241398068607e-003	-9.995951e-003	-1.559304e-002
3.180098540925743e-003	-9.994292e-003	-1.597240e-002
3.189955683782879e-003	-9.993080e-003	-1.631007e-002
3.199955683782872e-003	-9.996807e-003	-1.662553e-002
3.209955683782864e-003	-9.999406e-003	-1.691837e-002
3.219955683782857e-003	-1.000087e-002	-1.718860e-002
3.229955683782849e-003	-1.000122e-002	-1.743622e-002
3.239955683782842e-003	-1.000043e-002	-1.766122e-002
3.249955683782835e-003	-9.998510e-003	-1.786360e-002
3.259955683782827e-003	-9.995464e-003	-1.804337e-002
3.269955683782820e-003	-9.997863e-003	-1.820907e-002
3.279955683782813e-003	-9.999542e-003	-1.836287e-002
3.289955683782805e-003	-1.000050e-002	-1.850475e-002
3.299955683782798e-003	-1.000074e-002	-1.863472e-002
3.309955683782791e-003	-1.000026e-002	-1.875279e-002
3.319955683782783e-003	-9.999055e-003	-1.885894e-002
3.329955683782776e-003	-9.997133e-003	-1.895317e-002
3.340098540925626e-003	-9.998097e-003	-1.904126e-002
3.350241398068475e-003	-9.998943e-003	-1.912297e-002
3.360384255211325e-003	-9.999673e-003	-1.919829e-002
3.370527112354175e-003	-1.000029e-002	-1.926722e-002
3.380669969497025e-003	-1.000078e-002	-1.932978e-002
3.390812826639874e-003	-1.000116e-002	-1.938595e-002
3.400955683782724e-003	-1.000142e-002	-1.943573e-002
3.411241398068430e-003	-1.000056e-002	-1.948206e-002
3.421527112354137e-003	-9.999955e-003	-1.952501e-002
3.431812826639844e-003	-9.999600e-003	-1.956457e-002
3.442098540925551e-003	-9.999498e-003	-1.960074e-002
3.452384255211257e-003	-9.999649e-003	-1.963352e-002
3.462669969496964e-003	-1.000005e-002	-1.966292e-002
3.472955683782671e-003	-1.000071e-002	-1.968893e-002
3.483669969496949e-003	-1.000039e-002	-1.971375e-002
3.494384255211226e-003	-1.000011e-002	-1.973670e-002
3.505098540925504e-003	-9.999863e-003	-1.975777e-002
3.515812826639782e-003	-9.999659e-003	-1.977698e-002
3.526527112354060e-003	-9.999493e-003	-1.979432e-002
3.537241398068338e-003	-9.999367e-003	-1.980980e-002
3.547955683782616e-003	-9.999279e-003	-1.982340e-002
3.559384255211179e-003	-9.999488e-003	-1.983657e-002
3.570812826639742e-003	-9.999639e-003	-1.984868e-002
3.582241398068305e-003	-9.999732e-003	-1.985975e-002
3.593669969496868e-003	-9.999766e-003	-1.986976e-002
3.605098540925431e-003	-9.999741e-003	-1.987872e-002
3.616527112353994e-003	-9.999659e-003	-1.988664e-002
3.627955683782557e-003	-9.999517e-003	-1.989350e-002
3.640812826639691e-003	-9.999610e-003	-1.990049e-002
3.653669969496824e-003	-9.999683e-003	-1.990691e-002
3.666527112353958e-003	-9.999736e-003	-1.991274e-002
3.679384255211091e-003	-9.999770e-003	-1.991798e-002
3.692241398068224e-003	-9.999785e-003	-1.992264e-002
3.705098540925357e-003	-9.999780e-003	-1.992672e-002
3.717955683782491e-003	-9.999756e-003	-1.993021e-002
3.733669969496765e-003	-9.999756e-003	-1.993378e-002
3.749384255211039e-003	-9.999756e-003	-1.993701e-002
3.765098540925313e-003	-9.999756e-003	-1.993988e-002
3.780812826639588e-003	-9.999756e-003	-1.994240e-002
3.796527112353862e-003	-9.999756e-003	-1.994457e-002
3.812241398068136e-003	-9.999756e-003	-1.994639e-002
3.827955683782410e-003	-9.999756e-003	-1.994786e-002
3.849955683782394e-003	-9.999732e-003	-1.994960e-002
3.871955683782378e-003	-9.999727e-003	-1.995115e-002
3.893955683782362e-003	-9.999741e-003	-1.995250e-002
3.915955683782346e-003	-9.999775e-003	-1.995366e-002
3.937955683782329e-003	-9.999829e-003	-1.995462e-002
3.959955683782313e-003	-9.999902e-003	-1.995539e-002
3.981955683782297e-003	-9.999994e-003	-1.995596e-002
3.997955683782285e-003	-9.999994e-003	-1.995596e-002
3.998955683782285e-003	-9.999517e-003	-1.995596e-002
3.999088632435434e-003	-9.999517e-003	-1.995596e-002
3.999265897306299e-003	-9.999994e-003	-1.995596e-002
3.999620427048030e-003	-9.999517e-003	-1.995596e-002
4.000000000000000e-003	-9.999994e-003	-1.994595e-002
4.000759145903941e-003	9.993549e-003	-1.985344e-002
4.001310919118107e-003	1.001954e-002	-1.964459e-002
4.001887989917401e-003	9.977575e-003	-1.915631e-002
4.002681517320011e-003	1.002311e-002	-1.802620e-002
4.003681517320010e-003	9.977575e-003	-1.607785e-002
4.004681517320009e-003	1.002264e-002	-1.379380e-002
4.005681517320009e-003	9.978052e-003	-1.142296e-002
4.006681517320008e-003	1.002216e-002	-9.171336e-003
4.007681517320007e-003	9.978291e-003	-7.151931e-003
4.008681517320006e-003	1.002192e-002	-5.406230e-003
4.009681517320006e-003	9.978529e-003	-3.932803e-003
4.010681517320005e-003	1.002192e-002	-2.707332e-003
4.011681517320004e-003	9.978529e-003	-1.697391e-003
4.012681517320003e-003	1.002216e-002	-8.686477e-004
4.013681517320003e-003	9.978291e-003	-1.886779e-004
4.014681517320002e-003	1.002216e-002	3.706521e-004
4.015681517320001e-003	9.978291e-003	8.341378e-004
4.016681517320000e-003	1.002240e-002	1.222760e-003
4.017681517320000e-003	9.978052e-003	1.552255e-003
4.018681517319999e-003	1.002240e-002	1.836449e-003
4.019681517319998e-003	9.978052e-003	2.086789e-003
4.020681517319998e-003	1.002240e-002	2.310426e-003
4.021681517319997e-003	9.978052e-003	2.514035e-003
4.022681517319996e-003	1.002240e-002	2.702863e-003
4.023681517319995e-003	9.978052e-003	2.881200e-003
4.024681517319995e-003	1.002240e-002	3.050477e-003
4.025681517319994e-003	9.978052e-003	3.214032e-003
4.026681517319993e-003	1.002240e-002	3.372342e-003
4.028681517319992e-003	1.002240e-002	3.679425e-003
4.031681517319989e-003	9.978291e-003	4.123360e-003
4.036967231605700e-003	9.985180e-003	4.870876e-003
4.042252945891410e-003	9.991681e-003	5.587134e-003
4.047538660177120e-003	9.997792e-003	6.272135e-003
4.052824374462831e-003	1.000351e-002	6.925878e-003
4.058110088748542e-003	1.000885e-002	7.548365e-003
4.063395803034252e-003	1.001379e-002	8.139594e-003
4.068681517319962e-003	1.001834e-002	8.699567e-003
4.069681517319962e-003	9.982344e-003	8.802564e-003
4.079538660177097e-003	9.988460e-003	9.757386e-003
4.089395803034233e-003	9.993934e-003	1.064448e-002
4.099252945891368e-003	9.998765e-003	1.146384e-002
4.109110088748504e-003	1.000295e-002	1.221547e-002
4.118967231605640e-003	1.000650e-002	1.289937e-002
4.128824374462776e-003	1.000941e-002	1.351554e-002
4.138681517319911e-003	1.001167e-002	1.406398e-002
4.148538660177046e-003	1.000775e-002	1.457002e-002
4.158395803034182e-003	1.000424e-002	1.504016e-002
4.168252945891317e-003	1.000114e-002	1.547441e-002
4.178110088748454e-003	9.998454e-003	1.587277e-002
4.187967231605589e-003	9.996172e-003	1.623525e-002
4.197824374462725e-003	9.994299e-003	1.656183e-002
4.207681517319860e-003	9.992834e-003	1.685253e-002
4.217681517319853e-003	9.996887e-003	1.712408e-002
4.227681517319845e-003	9.999714e-003	1.737621e-002
4.237681517319838e-003	1.000131e-002	1.760892e-002
4.247681517319831e-003	1.000169e-002	1.782220e-002
4.257681517319823e-003	1.000084e-002	1.801606e-002
4.267681517319816e-003	9.998760e-003	1.819049e-002
4.277681517319809e-003	9.995457e-003	1.834551e-002
4.287681517319801e-003	9.998089e-003	1.848809e-002
4.297681517319794e-003	9.999923e-003	1.862048e-002
4.307681517319787e-003	1.000096e-002	1.874266e-002
4.317681517319779e-003	1.000120e-002	1.885465e-002
4.327681517319772e-003	1.000064e-002	1.895644e-002
4.337681517319765e-003	9.999281e-003	1.904803e-002
4.347681517319757e-003	9.997126e-003	1.912943e-002
4.357824374462607e-003	9.998250e-003	1.920522e-002
4.367967231605457e-003	9.999237e-003	1.927553e-002
4.378110088748307e-003	1.000009e-002	1.934035e-002
4.388252945891156e-003	1.000080e-002	1.939969e-002
4.398395803034006e-003	1.000138e-002	1.945353e-002
4.408538660176855e-003	1.000183e-002	1.950188e-002
4.418681517319705e-003	1.000213e-002	1.954475e-002
4.429110088748269e-003	1.000151e-002	1.958528e-002
4.439538660176832e-003	1.000095e-002	1.962282e-002
4.449967231605396e-003	1.000045e-002	1.965735e-002
4.460395803033960e-003	1.000001e-002	1.968889e-002
4.470824374462524e-003	9.999627e-003	1.971743e-002
4.481252945891088e-003	9.999301e-003	1.974298e-002
4.491681517319652e-003	9.999033e-003	1.976553e-002
4.502538660176786e-003	9.999685e-003	1.978687e-002
4.513395803033921e-003	1.000014e-002	1.980661e-002
4.524252945891056e-003	1.000041e-002	1.982476e-002
4.535110088748191e-003	1.000047e-002	1.984131e-002
4.545967231605326e-003	1.000035e-002	1.985627e-002
4.556824374462461e-003	1.000003e-002	1.986963e-002
4.567681517319596e-003	9.999510e-003	1.988140e-002
4.579395803033873e-003	9.999928e-003	1.989274e-002
4.591110088748150e-003	1.000023e-002	1.990318e-002
4.602824374462427e-003	1.000041e-002	1.991272e-002
4.614538660176704e-003	1.000048e-002	1.992137e-002
4.626252945890981e-003	1.000043e-002	1.992913e-002
4.637967231605258e-003	1.000027e-002	1.993599e-002
4.649681517319535e-003	9.999987e-003	1.994196e-002
4.662967231605240e-003	1.000008e-002	1.994795e-002
4.676252945890944e-003	1.000015e-002	1.995340e-002
4.689538660176649e-003	1.000021e-002	1.995831e-002
4.702824374462354e-003	1.000024e-002	1.996266e-002
4.716110088748058e-003	1.000025e-002	1.996648e-002
4.729395803033763e-003	1.000025e-002	1.996975e-002
4.742681517319467e-003	1.000023e-002	1.997247e-002
4.759538660176597e-003	1.000023e-002	1.997582e-002
4.776395803033728e-003	1.000023e-002	1.997878e-002
4.793252945890858e-003	1.000023e-002	1.998135e-002
4.810110088747989e-003	1.000023e-002	1.998353e-002
4.826967231605119e-003	1.000023e-002	1.998532e-002
4.843824374462250e-003	1.000023e-002	1.998672e-002
4.860681517319380e-003	1.000023e-002	1.998773e-002
4.880441300559484e-003	1.000020e-002	1.998902e-002
4.900201083799587e-003	1.000020e-002	1.999015e-002
4.919960867039690e-003	1.000021e-002	1.999112e-002
4.939720650279793e-003	1.000024e-002	1.999194e-002
4.959480433519896e-003	1.000030e-002	1.999260e-002
4.979240216759999e-003	1.000037e-002	1.999310e-002
4.999000000000102e-003	1.000046e-002	1.999345e-002
4.999363034638455e-003	9.999987e-003	1.999345e-002
5.000000000000100e-003	1.000046e-002	1.997343e-002
5.001000000000099e-003	-9.995226e-003	1.982608e-002
5.001762144484449e-003	-1.001382e-002	1.949945e-002
5.002560883683532e-003	-9.981159e-003	1.880994e-002
5.003558938739080e-003	-1.001954e-002	1.751199e-002
5.004558938739079e-003	-9.979490e-003	1.586691e-002
5.005558938739078e-003	-1.002002e-002	1.400772e-002
5.006558938739077e-003	-9.979729e-003	1.207414e-002
5.007558938739077e-003	-1.001954e-002	1.016918e-002
5.008558938739076e-003	-9.980206e-003	8.362920e-003
5.009558938739075e-003	-1.001907e-002	6.699235e-003
5.010558938739074e-003	-9.980444e-003	5.201489e-003
5.011558938739074e-003	-1.001907e-002	3.877313e-003
5.012558938739073e-003	-9.980682e-003	2.723843e-003
5.013558938739072e-003	-1.001883e-002	1.730592e-003
5.014558938739071e-003	-9.980682e-003	8.822983e-004
5.015558938739071e-003	-1.001907e-002	1.617974e-004
5.016558938739070e-003	-9.980444e-003	-4.490310e-004
5.017558938739069e-003	-1.001907e-002	-9.663993e-004
5.018558938739069e-003	-9.980444e-003	-1.406997e-003
5.019558938739068e-003	-1.001907e-002	-1.784175e-003
5.020558938739067e-003	-9.980444e-003	-2.110809e-003
5.021558938739066e-003	-1.001907e-002	-2.395957e-003
5.022558938739066e-003	-9.980444e-003	-2.648681e-003
5.023558938739065e-003	-1.001907e-002	-2.876132e-003
5.024558938739064e-003	-9.980444e-003	-3.083079e-003
5.025558938739063e-003	-1.001907e-002	-3.274768e-003
5.026558938739063e-003	-9.980682e-003	-3.454536e-003
5.027558938739062e-003	-1.001883e-002	-3.624766e-003
5.028558938739061e-003	-9.980682e-003	-3.788322e-003
5.029558938739060e-003	-1.001883e-002	-3.945678e-003
5.030558938739060e-003	-9.980921e-003	-4.098743e-003
5.032558938739058e-003	-9.980921e-003	-4.394859e-003
5.035558938739056e-003	-1.001835e-002	-4.821628e-003
5.039987510167624e-003	-1.001244e-002	-5.423893e-003
5.044416081596192e-003	-1.000690e-002	-6.004398e-003
5.048844653024760e-003	-1.000173e-002	-6.563144e-003
5.053273224453329e-003	-9.996924e-003	-7.100131e-003
5.057701795881897e-003	-9.992491e-003	-7.615358e-003
5.062130367310465e-003	-9.988429e-003	-8.108826e-003
5.066558938739033e-003	-9.984735e-003	-8.580535e-003
5.069987510167602e-003	-9.993576e-003	-8.933424e-003
5.073416081596171e-003	-9.999595e-003	-9.276153e-003
5.076844653024740e-003	-1.000279e-002	-9.608722e-003
5.080273224453309e-003	-1.000317e-002	-9.931133e-003
5.083701795881878e-003	-1.000072e-002	-1.024338e-002
5.087130367310446e-003	-9.995450e-003	-1.054547e-002
5.090558938739016e-003	-9.987358e-003	-1.083741e-002
5.091558938739015e-003	-1.001215e-002	-1.092085e-002
5.101416081596150e-003	-1.000773e-002	-1.169249e-002
5.111273224453286e-003	-1.000384e-002	-1.240932e-002
5.121130367310421e-003	-1.000051e-002	-1.307135e-002
5.130987510167558e-003	-9.997712e-003	-1.367857e-002
5.140844653024693e-003	-9.995464e-003	-1.423098e-002
5.150701795881829e-003	-9.993761e-003	-1.472858e-002
5.160558938738964e-003	-9.992603e-003	-1.517138e-002
5.170416081596099e-003	-9.995031e-003	-1.557997e-002
5.180273224453236e-003	-9.997206e-003	-1.595956e-002
5.190130367310371e-003	-9.999128e-003	-1.631015e-002
5.199987510167507e-003	-1.000080e-002	-1.663175e-002
5.209844653024642e-003	-1.000221e-002	-1.692434e-002
5.219701795881778e-003	-1.000338e-002	-1.718793e-002
5.229558938738914e-003	-1.000429e-002	-1.742253e-002
5.239558938738906e-003	-1.000179e-002	-1.764196e-002
5.249558938738899e-003	-1.000004e-002	-1.784563e-002
5.259558938738891e-003	-9.999031e-003	-1.803353e-002
5.269558938738884e-003	-9.998758e-003	-1.820567e-002
5.279558938738877e-003	-9.999225e-003	-1.836204e-002
5.289558938738869e-003	-1.000043e-002	-1.850265e-002
5.299558938738862e-003	-1.000238e-002	-1.862749e-002
5.309558938738855e-003	-1.000096e-002	-1.874258e-002
5.319558938738847e-003	-9.999965e-003	-1.884941e-002
5.329558938738840e-003	-9.999401e-003	-1.894799e-002
5.339558938738833e-003	-9.999264e-003	-1.903831e-002
5.349558938738825e-003	-9.999556e-003	-1.912039e-002
5.359558938738818e-003	-1.000028e-002	-1.919421e-002
5.369558938738811e-003	-1.000142e-002	-1.925978e-002
5.379701795881661e-003	-1.000087e-002	-1.932086e-002
5.389844653024510e-003	-1.000038e-002	-1.937755e-002
5.399987510167360e-003	-9.999950e-003	-1.942984e-002
5.410130367310209e-003	-9.999576e-003	-1.947772e-002
5.420273224453059e-003	-9.999260e-003	-1.952121e-002
5.430416081595908e-003	-9.999002e-003	-1.956030e-002
5.440558938738759e-003	-9.998802e-003	-1.959500e-002
5.450987510167323e-003	-9.999123e-003	-1.962753e-002
5.461416081595886e-003	-9.999406e-003	-1.965769e-002
5.471844653024450e-003	-9.999649e-003	-1.968547e-002
5.482273224453014e-003	-9.999853e-003	-1.971088e-002
5.492701795881578e-003	-1.000002e-002	-1.973391e-002
5.503130367310141e-003	-1.000015e-002	-1.975457e-002
5.513558938738705e-003	-1.000023e-002	-1.977286e-002
5.524558938738697e-003	-1.000007e-002	-1.979036e-002
5.535558938738689e-003	-9.999931e-003	-1.980651e-002
5.546558938738681e-003	-9.999809e-003	-1.982129e-002
5.557558938738673e-003	-9.999707e-003	-1.983471e-002
5.568558938738664e-003	-9.999624e-003	-1.984677e-002
5.579558938738656e-003	-9.999561e-003	-1.985746e-002
5.590558938738648e-003	-9.999517e-003	-1.986679e-002
5.602558938738652e-003	-9.999610e-003	-1.987626e-002
5.614558938738655e-003	-9.999683e-003	-1.988491e-002
5.626558938738658e-003	-9.999736e-003	-1.989275e-002
5.638558938738662e-003	-9.999770e-003	-1.989976e-002
5.650558938738665e-003	-9.999785e-003	-1.990596e-002
5.662558938738668e-003	-9.999780e-003	-1.991134e-002
5.674558938738672e-003	-9.999756e-003	-1.991591e-002
5.688701795881543e-003	-9.999756e-003	-1.992104e-002
5.702844653024414e-003	-9.999756e-003	-1.992566e-002
5.716987510167286e-003	-9.999756e-003	-1.992978e-002
5.731130367310156e-003	-9.999756e-003	-1.993339e-002
5.745273224453028e-003	-9.999756e-003	-1.993649e-002
5.759416081595899e-003	-9.999756e-003	-1.993909e-002
5.773558938738771e-003	-9.999756e-003	-1.994118e-002
5.792130367310217e-003	-9.999780e-003	-1.994370e-002
5.810701795881665e-003	-9.999785e-003	-1.994595e-002
5.829273224453112e-003	-9.999770e-003	-1.994792e-002
5.847844653024559e-003	-9.999736e-003	-1.994963e-002
5.866416081596006e-003	-9.999683e-003	-1.995106e-002
5.884987510167454e-003	-9.999610e-003	-1.995222e-002
5.903558938738901e-003	-9.999517e-003	-1.995310e-002
5.917130367310342e-003	-9.999586e-003	-1.995374e-002
5.930701795881785e-003	-9.999654e-003	-1.995431e-002
5.944273224453227e-003	-9.999722e-003	-1.995479e-002
5.957844653024669e-003	-9.999790e-003	-1.995520e-002
5.971416081596111e-003	-9.999858e-003	-1.995553e-002
5.984987510167554e-003	-9.999926e-003	-1.995579e-002
5.998558938738996e-003	-9.999994e-003	-1.995596e-002
5.998999999999999e-003	-9.999517e-003	-1.995596e-002
5.999528490088025e-003	-9.999994e-003	-1.995596e-002
5.999650284691913e-003	-9.999517e-003	-1.995596e-002
5.999756410792223e-003	-9.999994e-003	-1.995596e-002
5.999787747799379e-003	-9.999517e-003	-1.995596e-002
5.999850421813691e-003	-9.999994e-003	-1.995596e-002
5.999874651971377e-003	-9.999517e-003	-1.995596e-002
5.999923112286748e-003	-9.999994e-003	-1.995596e-002
6.000000000000000e-003	-9.999517e-003	-1.995596e-002
