Time	Vin	Vo
0.000000000000000e+000	-1.002194e-002	-1.730488e-002
2.314998273980629e-008	9.668810e-003	-1.730249e-002
6.944994821941886e-008	1.037763e-002	-1.729772e-002
1.012507952358882e-007	9.690506e-003	-1.729439e-002
1.382041506011594e-007	1.028512e-002	-1.729009e-002
1.758932891456067e-007	9.782774e-003	-1.728580e-002
2.235142199779466e-007	1.020811e-002	-1.727960e-002
2.999897171489935e-007	9.816153e-003	-1.726911e-002
4.346716312424864e-007	1.016639e-002	-1.724432e-002
6.696820716804025e-007	9.818060e-003	-1.717851e-002
1.089434323477481e-006	1.016067e-002	-1.696155e-002
1.843971067554129e-006	9.822590e-003	-1.625631e-002
2.843971067553394e-006	1.015828e-002	-1.479624e-002
3.843971067552660e-006	9.824736e-003	-1.284693e-002
4.843971067551925e-006	1.015542e-002	-1.059625e-002
5.843971067551190e-006	9.827120e-003	-8.280734e-003
6.843971067550456e-006	1.015328e-002	-6.083468e-003
7.843971067549721e-006	9.829266e-003	-4.117945e-003
8.843971067548986e-006	1.015113e-002	-2.435664e-003
9.843971067548252e-006	9.831173e-003	-1.046160e-003
1.084397106754752e-005	1.014899e-002	6.630093e-005
1.184397106754678e-005	9.833319e-003	9.331909e-004
1.284397106754605e-005	1.014708e-002	1.589319e-003
1.384397106754531e-005	9.835226e-003	2.072355e-003
1.484397106754458e-005	1.014517e-002	2.416631e-003
1.584397106754384e-005	9.837134e-003	2.653143e-003
1.684397106754311e-005	1.014326e-002	2.807638e-003
1.784397106754238e-005	9.839279e-003	2.902528e-003
1.884397106754164e-005	1.014136e-002	2.955457e-003
1.984397106754091e-005	9.841187e-003	2.981206e-003
2.084397106754017e-005	1.013945e-002	2.988836e-003
2.184397106753944e-005	9.843094e-003	2.987882e-003
2.284397106753870e-005	1.013754e-002	2.982637e-003
2.384397106753797e-005	9.844763e-003	2.977392e-003
2.484397106753723e-005	1.013563e-002	2.975008e-003
2.584397106753650e-005	9.846670e-003	2.976438e-003
2.684397106753576e-005	1.013373e-002	2.982637e-003
2.784397106753503e-005	9.848578e-003	2.993127e-003
2.884397106753429e-005	1.013206e-002	3.007909e-003
2.984397106753356e-005	9.850247e-003	3.026983e-003
3.084397106753282e-005	1.013015e-002	3.048917e-003
3.184397106753209e-005	9.852154e-003	3.073713e-003
3.284397106753136e-005	1.012848e-002	3.101369e-003
3.384397106753062e-005	9.853823e-003	3.130457e-003
3.484397106752989e-005	1.012681e-002	3.160497e-003
3.584397106752915e-005	9.855492e-003	3.191969e-003
3.684397106752842e-005	1.012490e-002	3.224393e-003
3.884397106752695e-005	1.012324e-002	3.289720e-003
4.184397106752474e-005	9.860499e-003	3.387949e-003
4.584397106752181e-005	9.936948e-003	3.517483e-003
4.984397106751887e-005	9.988914e-003	3.645733e-003
5.384397106751594e-005	1.001640e-002	3.772698e-003
5.784397106751300e-005	1.001939e-002	3.898378e-003
6.184397106751005e-005	9.997905e-003	4.022775e-003
6.584397106750713e-005	9.951934e-003	4.145886e-003
6.984397106750417e-005	9.881479e-003	4.267713e-003
1.177011139246119e-004	9.928273e-003	5.636771e-003
1.655582567817196e-004	9.965315e-003	6.907308e-003
2.134153996388273e-004	9.992607e-003	8.079326e-003
2.612725424959350e-004	1.001015e-002	9.152822e-003
3.091296853530428e-004	1.001794e-002	1.012780e-002
3.569868282101505e-004	1.001598e-002	1.100425e-002
4.048439710672581e-004	1.000426e-002	1.178219e-002
4.528439710672228e-004	9.997915e-003	1.250095e-002
5.008439710671876e-004	9.993103e-003	1.316786e-002
5.488439710671523e-004	9.989828e-003	1.378292e-002
5.968439710671170e-004	9.988091e-003	1.434613e-002
6.448439710670818e-004	9.987892e-003	1.485750e-002
6.928439710670466e-004	9.989230e-003	1.531701e-002
7.408439710670112e-004	9.992106e-003	1.572468e-002
7.775582567812700e-004	9.991458e-003	1.601716e-002
8.142725424955288e-004	9.990948e-003	1.629254e-002
8.509868282097875e-004	9.990573e-003	1.655084e-002
8.877011139240463e-004	9.990334e-003	1.679206e-002
9.244153996383050e-004	9.990232e-003	1.701618e-002
9.611296853525638e-004	9.990266e-003	1.722321e-002
9.978439710668224e-004	9.990437e-003	1.741316e-002
9.988439710668217e-004	9.990913e-003	1.741841e-002
9.990000000001005e-004	9.990675e-003	1.741888e-002
9.993120578666581e-004	9.990675e-003	1.742079e-002
9.995035370676374e-004	9.990675e-003	1.742174e-002
9.997588426689432e-004	9.990675e-003	1.742270e-002
1.000000000000102e-003	9.687883e-003	1.741793e-002
1.000482314662418e-003	-9.992855e-003	1.737740e-002
1.000838669569426e-003	-1.005055e-002	1.730921e-002
1.001214028486245e-003	-9.968298e-003	1.717474e-002
1.001794744713335e-003	-1.004912e-002	1.683333e-002
1.002476041131226e-003	-9.970205e-003	1.621964e-002
1.003399448506073e-003	-1.004793e-002	1.506331e-002
1.004399448506072e-003	-9.970920e-003	1.350023e-002
1.005399448506071e-003	-1.004769e-002	1.171543e-002
1.006399448506071e-003	-9.970920e-003	9.826681e-003
1.007399448506070e-003	-1.004769e-002	7.940313e-003
1.008399448506069e-003	-9.970920e-003	6.138345e-003
1.009399448506069e-003	-1.004769e-002	4.477521e-003
1.010399448506068e-003	-9.970682e-003	2.995035e-003
1.011399448506067e-003	-1.004793e-002	1.708528e-003
1.012399448506066e-003	-9.970682e-003	6.222931e-004
1.013399448506066e-003	-1.004793e-002	-2.712998e-004
1.014399448506065e-003	-9.970682e-003	-9.879860e-004
1.015399448506064e-003	-1.004793e-002	-1.548270e-003
1.016399448506063e-003	-9.970682e-003	-1.975039e-003
1.017399448506063e-003	-1.004793e-002	-2.291182e-003
1.018399448506062e-003	-9.970682e-003	-2.518156e-003
1.019399448506061e-003	-1.004769e-002	-2.675990e-003
1.020399448506060e-003	-9.970920e-003	-2.781847e-003
1.021399448506060e-003	-1.004769e-002	-2.850035e-003
1.022399448506059e-003	-9.971159e-003	-2.891520e-003
1.023399448506058e-003	-1.004745e-002	-2.915839e-003
1.024399448506057e-003	-9.971397e-003	-2.929667e-003
1.025399448506057e-003	-1.004698e-002	-2.937773e-003
1.026399448506056e-003	-9.971636e-003	-2.944449e-003
1.027399448506055e-003	-1.004674e-002	-2.951601e-003
1.028399448506055e-003	-9.972113e-003	-2.960661e-003
1.029399448506054e-003	-1.004650e-002	-2.972582e-003
1.030399448506053e-003	-9.972351e-003	-2.987364e-003
1.031399448506052e-003	-1.004602e-002	-3.005007e-003
1.032399448506052e-003	-9.972828e-003	-3.025988e-003
1.033399448506051e-003	-1.004555e-002	-3.049830e-003
1.034399448506050e-003	-9.973305e-003	-3.075579e-003
1.035399448506049e-003	-1.004531e-002	-3.103236e-003
1.036399448506049e-003	-9.973543e-003	-3.131846e-003
1.037399448506048e-003	-1.004483e-002	-3.162363e-003
1.038399448506047e-003	-9.974020e-003	-3.192881e-003
1.039399448506046e-003	-1.004435e-002	-3.224829e-003
1.041399448506045e-003	-1.004388e-002	-3.288725e-003
1.044399448506043e-003	-9.975450e-003	-3.386000e-003
1.049542305648896e-003	-9.994942e-003	-3.550363e-003
1.054685162791750e-003	-1.000832e-002	-3.712935e-003
1.059828019934603e-003	-1.001559e-002	-3.873717e-003
1.064970877077456e-003	-1.001675e-002	-4.032708e-003
1.070113734220310e-003	-1.001180e-002	-4.189909e-003
1.075256591363163e-003	-1.000073e-002	-4.345319e-003
1.080399448506016e-003	-9.983557e-003	-4.498938e-003
1.128113734220267e-003	-9.995560e-003	-5.833391e-003
1.175828019934518e-003	-1.000466e-002	-7.072049e-003
1.223542305648768e-003	-1.001087e-002	-8.214911e-003
1.271256591363019e-003	-1.001417e-002	-9.261977e-003
1.318970877077270e-003	-1.001458e-002	-1.021325e-002
1.366685162791520e-003	-1.001208e-002	-1.106872e-002
1.414399448505771e-003	-1.000668e-002	-1.182840e-002
1.462399448505736e-003	-1.000798e-002	-1.253236e-002
1.510399448505700e-003	-1.000895e-002	-1.318552e-002
1.558399448505665e-003	-1.000959e-002	-1.378788e-002
1.606399448505630e-003	-1.000989e-002	-1.433945e-002
1.654399448505595e-003	-1.000987e-002	-1.484021e-002
1.702399448505559e-003	-1.000952e-002	-1.529018e-002
1.750399448505524e-003	-1.000883e-002	-1.568935e-002
1.785913813004735e-003	-1.000899e-002	-1.596682e-002
1.821428177503946e-003	-1.000913e-002	-1.622853e-002
1.856942542003157e-003	-1.000925e-002	-1.647447e-002
1.892456906502368e-003	-1.000935e-002	-1.670465e-002
1.927971271001579e-003	-1.000944e-002	-1.691906e-002
1.963485635500790e-003	-1.000950e-002	-1.711770e-002
1.999000000000001e-003	-1.000954e-002	-1.730059e-002
2.000000000000000e-003	-1.000907e-002	-1.727197e-002
2.000999999999999e-003	9.985907e-003	-1.709602e-002
2.001826866756302e-003	1.000307e-002	-1.666401e-002
2.002684940455629e-003	9.975178e-003	-1.575945e-002
2.003684940455629e-003	1.000736e-002	-1.414202e-002
2.004684940455628e-003	9.973509e-003	-1.208876e-002
2.005684940455627e-003	1.000784e-002	-9.813288e-003
2.006684940455627e-003	9.973747e-003	-7.535914e-003
2.007684940455626e-003	1.000760e-002	-5.417326e-003
2.008684940455625e-003	9.973986e-003	-3.548125e-003
2.009684940455624e-003	1.000736e-002	-1.966456e-003
2.010684940455624e-003	9.974224e-003	-6.718430e-004
2.011684940455623e-003	1.000713e-002	3.566948e-004
2.012684940455622e-003	9.974224e-003	1.151582e-003
2.013684940455621e-003	1.000713e-002	1.749059e-003
2.014684940455621e-003	9.974224e-003	2.184888e-003
2.015684940455620e-003	1.000736e-002	2.492925e-003
2.016684940455619e-003	9.973986e-003	2.701303e-003
2.017684940455618e-003	1.000736e-002	2.835771e-003
2.018684940455618e-003	9.973986e-003	2.916833e-003
2.019684940455617e-003	1.000736e-002	2.960702e-003
2.020684940455616e-003	9.973986e-003	2.980253e-003
2.021684940455615e-003	1.000760e-002	2.985021e-003
2.022684940455615e-003	9.973747e-003	2.982637e-003
2.023684940455614e-003	1.000760e-002	2.977392e-003
2.024684940455613e-003	9.973747e-003	2.973577e-003
2.025684940455613e-003	1.000760e-002	2.972623e-003
2.026684940455612e-003	9.973747e-003	2.975484e-003
2.027684940455611e-003	1.000760e-002	2.983114e-003
2.028684940455610e-003	9.973747e-003	2.995035e-003
2.029684940455610e-003	1.000760e-002	3.011247e-003
2.030684940455609e-003	9.973986e-003	3.031274e-003
2.031684940455608e-003	1.000736e-002	3.054163e-003
2.032684940455607e-003	9.973986e-003	3.079912e-003
2.033684940455607e-003	1.000736e-002	3.108045e-003
2.034684940455606e-003	9.973986e-003	3.137609e-003
2.035684940455605e-003	1.000736e-002	3.168127e-003
2.036684940455604e-003	9.974224e-003	3.200075e-003
2.037684940455604e-003	1.000713e-002	3.232023e-003
2.039684940455602e-003	1.000713e-002	3.297826e-003
2.042684940455600e-003	9.974463e-003	3.396055e-003
2.046684940455597e-003	9.984029e-003	3.525404e-003
2.050684940455594e-003	9.990519e-003	3.653508e-003
2.054684940455591e-003	9.993935e-003	3.780366e-003
2.058684940455588e-003	9.994276e-003	3.905979e-003
2.062684940455585e-003	9.991541e-003	4.030346e-003
2.066684940455582e-003	9.985732e-003	4.153467e-003
2.070684940455580e-003	9.976847e-003	4.275343e-003
2.118399226169830e-003	9.983338e-003	5.639856e-003
2.166113511884081e-003	9.988232e-003	6.906433e-003
2.213827797598331e-003	9.991531e-003	8.075073e-003
2.261542083312582e-003	9.993234e-003	9.145777e-003
2.309256369026833e-003	9.993341e-003	1.011854e-002
2.356970654741083e-003	9.991853e-003	1.099337e-002
2.404684940455334e-003	9.988768e-003	1.177027e-002
2.452684940455299e-003	9.989648e-003	1.249008e-002
2.500684940455264e-003	9.990315e-003	1.315796e-002
2.548684940455228e-003	9.990768e-003	1.377392e-002
2.596684940455193e-003	9.991006e-003	1.433795e-002
2.644684940455158e-003	9.991030e-003	1.485005e-002
2.692684940455123e-003	9.990841e-003	1.531023e-002
2.740684940455087e-003	9.990437e-003	1.571848e-002
2.777587091818661e-003	9.990505e-003	1.601260e-002
2.814489243182234e-003	9.990573e-003	1.628952e-002
2.851391394545808e-003	9.990641e-003	1.654923e-002
2.888293545909381e-003	9.990709e-003	1.679173e-002
2.925195697272954e-003	9.990777e-003	1.701703e-002
2.962097848636527e-003	9.990845e-003	1.722513e-002
2.999000000000101e-003	9.990913e-003	1.741602e-002
2.999369880909696e-003	9.990437e-003	1.741793e-002
3.000000000000102e-003	9.687407e-003	1.739599e-002
3.001000000000101e-003	-1.000478e-002	1.724007e-002
3.001756623918897e-003	-1.002337e-002	1.693298e-002
3.002554099297778e-003	-9.991186e-003	1.631500e-002
3.003554099297777e-003	-1.002862e-002	1.514675e-002
3.004554099297776e-003	-9.989756e-003	1.363184e-002
3.005554099297775e-003	-1.002886e-002	1.187184e-002
3.006554099297775e-003	-9.989994e-003	9.995004e-003
3.007554099297774e-003	-1.002838e-002	8.110544e-003
3.008554099297773e-003	-9.990471e-003	6.301424e-003
3.009554099297773e-003	-1.002790e-002	4.628202e-003
3.010554099297772e-003	-9.990709e-003	3.129026e-003
3.011554099297771e-003	-1.002790e-002	1.824876e-003
3.012554099297770e-003	-9.990709e-003	7.200447e-004
3.013554099297770e-003	-1.002790e-002	-1.911911e-004
3.014554099297769e-003	-9.990709e-003	-9.240898e-004
3.015554099297768e-003	-1.002790e-002	-1.498679e-003
3.016554099297767e-003	-9.990709e-003	-1.937369e-003
3.017554099297767e-003	-1.002790e-002	-2.263525e-003
3.018554099297766e-003	-9.990709e-003	-2.498606e-003
3.019554099297765e-003	-1.002790e-002	-2.663115e-003
3.020554099297764e-003	-9.990709e-003	-2.773741e-003
3.021554099297764e-003	-1.002790e-002	-2.845267e-003
3.022554099297763e-003	-9.990709e-003	-2.889136e-003
3.023554099297762e-003	-1.002790e-002	-2.914885e-003
3.024554099297762e-003	-9.990709e-003	-2.929667e-003
3.025554099297761e-003	-1.002790e-002	-2.938727e-003
3.026554099297760e-003	-9.990709e-003	-2.944926e-003
3.027554099297759e-003	-1.002766e-002	-2.952078e-003
3.028554099297759e-003	-9.990948e-003	-2.961138e-003
3.029554099297758e-003	-1.002766e-002	-2.972582e-003
3.030554099297757e-003	-9.990948e-003	-2.986887e-003
3.031554099297756e-003	-1.002743e-002	-3.005007e-003
3.032554099297756e-003	-9.991186e-003	-3.025511e-003
3.033554099297755e-003	-1.002743e-002	-3.048876e-003
3.034554099297754e-003	-9.991424e-003	-3.074149e-003
3.035554099297753e-003	-1.002719e-002	-3.101805e-003
3.036554099297753e-003	-9.991424e-003	-3.130892e-003
3.037554099297752e-003	-1.002695e-002	-3.160456e-003
3.038554099297751e-003	-9.991663e-003	-3.191451e-003
3.039554099297750e-003	-1.002695e-002	-3.222922e-003
3.041554099297749e-003	-1.002671e-002	-3.287295e-003
3.044554099297747e-003	-9.992378e-003	-3.384093e-003
3.051554099297742e-003	-1.002552e-002	-3.608206e-003
3.058839813583450e-003	-1.002000e-002	-3.836261e-003
3.066125527869160e-003	-1.001503e-002	-4.061163e-003
3.073411242154869e-003	-1.001060e-002	-4.282911e-003
3.080696956440577e-003	-1.000672e-002	-4.501507e-003
3.087982670726286e-003	-1.000338e-002	-4.716950e-003
3.095268385011995e-003	-1.000059e-002	-4.929240e-003
3.102554099297704e-003	-9.998339e-003	-5.138377e-003
3.150268385011955e-003	-1.000339e-002	-6.417643e-003
3.197982670726206e-003	-1.000723e-002	-7.605046e-003
3.245696956440456e-003	-1.000987e-002	-8.700584e-003
3.293411242154707e-003	-1.001130e-002	-9.704258e-003
3.341125527868958e-003	-1.001152e-002	-1.061607e-002
3.388839813583208e-003	-1.001054e-002	-1.143601e-002
3.436554099297459e-003	-1.000835e-002	-1.216410e-002
3.484554099297424e-003	-1.000884e-002	-1.283863e-002
3.532554099297388e-003	-1.000921e-002	-1.346454e-002
3.580554099297353e-003	-1.000946e-002	-1.404183e-002
3.628554099297318e-003	-1.000960e-002	-1.457051e-002
3.676554099297283e-003	-1.000962e-002	-1.505057e-002
3.724554099297247e-003	-1.000952e-002	-1.548201e-002
3.772554099297212e-003	-1.000931e-002	-1.586483e-002
3.804839813582902e-003	-1.000928e-002	-1.610776e-002
3.837125527868593e-003	-1.000928e-002	-1.633793e-002
3.869411242154284e-003	-1.000929e-002	-1.655533e-002
3.901696956439974e-003	-1.000933e-002	-1.675996e-002
3.933982670725665e-003	-1.000938e-002	-1.695182e-002
3.966268385011356e-003	-1.000945e-002	-1.713092e-002
3.998554099297046e-003	-1.000954e-002	-1.729725e-002
3.999108198594090e-003	-1.000954e-002	-1.730011e-002
3.999567205623642e-003	-1.000954e-002	-1.730249e-002
4.000000000000000e-003	-1.000907e-002	-1.729296e-002
4.000650923490808e-003	9.981138e-003	-1.722048e-002
4.001143612640428e-003	1.001476e-002	-1.707504e-002
4.001659450654603e-003	9.964211e-003	-1.675699e-002
4.002400275608690e-003	1.001714e-002	-1.595924e-002
4.003400275608689e-003	9.964687e-003	-1.436661e-002
4.004400275608689e-003	1.001642e-002	-1.233671e-002
4.005400275608688e-003	9.965164e-003	-1.006172e-002
4.006400275608687e-003	1.001595e-002	-7.767657e-003
4.007400275608686e-003	9.965403e-003	-5.620936e-003
4.008400275608686e-003	1.001595e-002	-3.720263e-003
4.009400275608685e-003	9.965641e-003	-2.106169e-003
4.010400275608684e-003	1.001595e-002	-7.819924e-004
4.011400275608684e-003	9.965403e-003	2.722946e-004
4.012400275608683e-003	1.001595e-002	1.089117e-003
4.013400275608682e-003	9.965164e-003	1.704237e-003
4.014400275608681e-003	1.001619e-002	2.153894e-003
4.015400275608681e-003	9.965164e-003	2.472421e-003
4.016400275608680e-003	1.001642e-002	2.689382e-003
4.017400275608679e-003	9.964926e-003	2.829572e-003
4.018400275608678e-003	1.001642e-002	2.914449e-003
4.019400275608678e-003	9.964926e-003	2.960702e-003
4.020400275608677e-003	1.001642e-002	2.981683e-003
4.021400275608676e-003	9.964926e-003	2.987405e-003
4.022400275608675e-003	1.001642e-002	2.985021e-003
4.023400275608675e-003	9.964926e-003	2.980253e-003
4.024400275608674e-003	1.001642e-002	2.975484e-003
4.025400275608673e-003	9.964926e-003	2.974054e-003
4.026400275608673e-003	1.001642e-002	2.976438e-003
4.027400275608672e-003	9.964926e-003	2.983591e-003
4.028400275608671e-003	1.001619e-002	2.995035e-003
4.029400275608670e-003	9.965164e-003	3.010770e-003
4.030400275608670e-003	1.001619e-002	3.030798e-003
4.031400275608669e-003	9.965164e-003	3.053686e-003
4.032400275608668e-003	1.001595e-002	3.078958e-003
4.033400275608667e-003	9.965403e-003	3.106615e-003
4.034400275608667e-003	1.001595e-002	3.136179e-003
4.035400275608666e-003	9.965641e-003	3.166696e-003
4.036400275608665e-003	1.001571e-002	3.198644e-003
4.037400275608664e-003	9.965880e-003	3.230592e-003
4.039400275608663e-003	9.965880e-003	3.295919e-003
4.042400275608661e-003	1.001499e-002	3.394624e-003
4.046257418465800e-003	1.000747e-002	3.519196e-003
4.050114561322941e-003	1.000030e-002	3.642638e-003
4.053971704180081e-003	9.993478e-003	3.764952e-003
4.057828847037221e-003	9.987006e-003	3.886136e-003
4.061685989894361e-003	9.980885e-003	4.006192e-003
4.065543132751501e-003	9.975115e-003	4.125119e-003
4.069400275608641e-003	9.969694e-003	4.242918e-003
4.070400275608640e-003	1.001142e-002	4.273435e-003
4.118257418465748e-003	1.000262e-002	5.642036e-003
4.166114561322856e-003	9.995623e-003	6.912155e-003
4.213971704179963e-003	9.990442e-003	8.083792e-003
4.261828847037071e-003	9.987070e-003	9.156948e-003
4.309685989894179e-003	9.985508e-003	1.013162e-002
4.357543132751287e-003	9.985756e-003	1.100782e-002
4.405400275608394e-003	9.987814e-003	1.178553e-002
4.453400275608359e-003	9.989206e-003	1.250397e-002
4.501400275608324e-003	9.990247e-003	1.317059e-002
4.549400275608288e-003	9.990938e-003	1.378541e-002
4.597400275608253e-003	9.991278e-003	1.434842e-002
4.645400275608218e-003	9.991269e-003	1.485962e-002
4.693400275608183e-003	9.990909e-003	1.531901e-002
4.741400275608147e-003	9.990198e-003	1.572659e-002
4.778200236235569e-003	9.990407e-003	1.601929e-002
4.815000196862991e-003	9.990558e-003	1.629494e-002
4.851800157490413e-003	9.990651e-003	1.655354e-002
4.888600118117835e-003	9.990685e-003	1.679509e-002
4.925400078745257e-003	9.990660e-003	1.701959e-002
4.962200039372679e-003	9.990578e-003	1.722705e-002
4.999000000000101e-003	9.990437e-003	1.741745e-002
5.000000000000100e-003	9.990913e-003	1.739170e-002
5.001000000000099e-003	-1.000430e-002	1.723959e-002
5.001831395891443e-003	-1.002337e-002	1.688864e-002
5.002693662275725e-003	-9.991186e-003	1.619293e-002
5.003693662275724e-003	-1.002909e-002	1.498367e-002
5.004693662275723e-003	-9.989040e-003	1.343348e-002
5.005693662275722e-003	-1.002957e-002	1.165297e-002
5.006693662275722e-003	-9.989279e-003	9.769937e-003
5.007693662275721e-003	-1.002909e-002	7.890245e-003
5.008693662275720e-003	-9.989756e-003	6.094476e-003
5.009693662275720e-003	-1.002886e-002	4.440328e-003
5.010693662275719e-003	-9.989994e-003	2.964040e-003
5.011693662275718e-003	-1.002862e-002	1.683256e-003
5.012693662275717e-003	-9.989994e-003	6.022659e-004
5.013693662275717e-003	-1.002862e-002	-2.870354e-004
5.014693662275716e-003	-9.989994e-003	-9.999070e-004
5.015693662275715e-003	-1.002862e-002	-1.557330e-003
5.016693662275714e-003	-9.989994e-003	-1.981238e-003
5.017693662275714e-003	-1.002862e-002	-2.295474e-003
5.018693662275713e-003	-9.989994e-003	-2.521017e-003
5.019693662275712e-003	-1.002862e-002	-2.677897e-003
5.020693662275711e-003	-9.989994e-003	-2.783278e-003
5.021693662275711e-003	-1.002862e-002	-2.850512e-003
5.022693662275710e-003	-9.989994e-003	-2.891997e-003
5.023693662275709e-003	-1.002862e-002	-2.916315e-003
5.024693662275708e-003	-9.989994e-003	-2.930144e-003
5.025693662275708e-003	-1.002862e-002	-2.938250e-003
5.026693662275707e-003	-9.989994e-003	-2.944926e-003
5.027693662275706e-003	-1.002838e-002	-2.952078e-003
5.028693662275706e-003	-9.990232e-003	-2.961138e-003
5.029693662275705e-003	-1.002838e-002	-2.973536e-003
5.030693662275704e-003	-9.990232e-003	-2.988318e-003
5.031693662275703e-003	-1.002814e-002	-3.006438e-003
5.032693662275703e-003	-9.990471e-003	-3.027419e-003
5.033693662275702e-003	-1.002814e-002	-3.050784e-003
5.034693662275701e-003	-9.990709e-003	-3.076533e-003
5.035693662275700e-003	-1.002790e-002	-3.104189e-003
5.036693662275700e-003	-9.990709e-003	-3.133276e-003
5.037693662275699e-003	-1.002766e-002	-3.163317e-003
5.038693662275698e-003	-9.990948e-003	-3.194312e-003
5.039693662275697e-003	-1.002743e-002	-3.225783e-003
5.041693662275696e-003	-1.002743e-002	-3.290156e-003
5.044693662275694e-003	-9.991663e-003	-3.387431e-003
5.049836519418548e-003	-1.000185e-002	-3.551842e-003
5.054979376561400e-003	-1.000885e-002	-3.714424e-003
5.060122233704254e-003	-1.001265e-002	-3.875177e-003
5.065265090847107e-003	-1.001327e-002	-4.034100e-003
5.070407947989961e-003	-1.001069e-002	-4.191193e-003
5.075550805132814e-003	-1.000492e-002	-4.346457e-003
5.080693662275667e-003	-9.995954e-003	-4.499892e-003
5.093693662275658e-003	-1.002147e-002	-4.882315e-003
5.141407947989909e-003	-1.001584e-002	-6.183506e-003
5.189122233704159e-003	-1.001155e-002	-7.391315e-003
5.236836519418410e-003	-1.000861e-002	-8.505742e-003
5.284550805132661e-003	-1.000700e-002	-9.526787e-003
5.332265090846911e-003	-1.000675e-002	-1.045445e-002
5.379979376561162e-003	-1.000783e-002	-1.128873e-002
5.427693662275412e-003	-1.001026e-002	-1.202963e-002
5.475693662275412e-003	-1.000989e-002	-1.271581e-002
5.523693662275410e-003	-1.000960e-002	-1.335255e-002
5.571693662275410e-003	-1.000938e-002	-1.393986e-002
5.619693662275409e-003	-1.000925e-002	-1.447773e-002
5.667693662275409e-003	-1.000919e-002	-1.496617e-002
5.715693662275407e-003	-1.000921e-002	-1.540517e-002
5.763693662275407e-003	-1.000931e-002	-1.579473e-002
5.797308853378920e-003	-1.000933e-002	-1.605129e-002
5.830924044482433e-003	-1.000934e-002	-1.629399e-002
5.864539235585946e-003	-1.000932e-002	-1.652283e-002
5.898154426689460e-003	-1.000929e-002	-1.673782e-002
5.931769617792973e-003	-1.000923e-002	-1.693895e-002
5.965384808896486e-003	-1.000916e-002	-1.712622e-002
5.998999999999999e-003	-1.000907e-002	-1.729963e-002
5.999387324551285e-003	-1.000954e-002	-1.730154e-002
6.000000000000000e-003	-1.000907e-002	-1.730440e-002
