Time	Vin	Vo
0.000000000000000e+000	-1.001239e-002	-1.997660e-002
2.938621568304711e-015	2.429958e-003	-1.997660e-002
8.815864704914134e-015	2.534386e-003	-1.997660e-002
2.057035097813298e-014	2.727505e-003	-1.997660e-002
4.407932352457067e-014	3.059860e-003	-1.997660e-002
9.109726861744605e-014	3.558870e-003	-1.997660e-002
1.851331588031968e-013	4.148003e-003	-1.997660e-002
3.732049391746983e-013	4.616734e-003	-1.997660e-002
7.493484999177014e-013	4.793879e-003	-1.997660e-002
1.501635621403707e-012	4.654642e-003	-1.997660e-002
3.006209864375720e-012	4.238125e-003	-1.997660e-002
6.015358350319744e-012	3.721233e-003	-1.997660e-002
1.203365532220779e-011	3.321644e-003	-1.997660e-002
2.407024926598389e-011	3.250834e-003	-1.997660e-002
4.724195167005174e-011	3.436562e-003	-1.997660e-002
9.334284734041631e-011	3.739592e-003	-1.997660e-002
1.855446369464220e-010	4.178997e-003	-1.997660e-002
3.375530150534489e-010	4.750248e-003	-1.997660e-002
5.550619738142748e-010	5.463835e-003	-1.997660e-002
9.900639023896485e-010	6.646868e-003	-1.997660e-002
1.860067761275119e-009	8.247372e-003	-1.997660e-002
3.600075477311338e-009	9.713884e-003	-1.997660e-002
5.712434534080324e-009	1.011347e-002	-1.997660e-002
8.791567812291290e-009	1.014757e-002	-1.997660e-002
1.361807491946643e-008	1.011180e-002	-1.997660e-002
2.327108913555143e-008	1.008248e-002	-1.997660e-002
3.199398864242586e-008	1.004457e-002	-1.997660e-002
4.921957005507571e-008	1.002287e-002	-1.997613e-002
7.541345937132904e-008	1.001906e-002	-1.997565e-002
1.278012380038357e-007	1.002454e-002	-1.997231e-002
2.325767952688490e-007	1.001477e-002	-1.995514e-002
4.421279097988756e-007	1.000332e-002	-1.985262e-002
8.612301388589289e-007	9.997364e-003	-1.929949e-002
1.699434596977301e-006	1.000237e-002	-1.704262e-002
2.699434596976566e-006	9.998318e-003	-1.275919e-002
3.699434596975831e-006	1.000213e-002	-7.137285e-003
4.699434596975097e-006	9.998795e-003	-8.239608e-004
5.699434596974362e-006	1.000189e-002	5.535140e-003
6.699434596973627e-006	9.998795e-003	1.145650e-002
7.699434596972893e-006	1.000166e-002	1.661684e-002
8.699434596972158e-006	9.999033e-003	2.083255e-002
9.699434596971424e-006	1.000166e-002	2.402975e-002
1.069943459697069e-005	9.999033e-003	2.622129e-002
1.169943459696995e-005	1.000166e-002	2.748395e-002
1.269943459696922e-005	9.999033e-003	2.793695e-002
1.369943459696849e-005	1.000142e-002	2.772809e-002
1.469943459696775e-005	9.999033e-003	2.701522e-002
1.569943459696702e-005	1.000142e-002	2.595569e-002
1.669943459696628e-005	9.999033e-003	2.469779e-002
1.769943459696555e-005	1.000142e-002	2.337219e-002
1.869943459696481e-005	9.999033e-003	2.208663e-002
1.969943459696408e-005	1.000142e-002	2.092458e-002
2.069943459696334e-005	9.999033e-003	1.994325e-002
2.169943459696261e-005	1.000142e-002	1.917459e-002
2.269943459696187e-005	9.999033e-003	1.862861e-002
2.369943459696114e-005	1.000142e-002	1.829721e-002
2.469943459696040e-005	9.999033e-003	1.815797e-002
2.569943459695967e-005	1.000142e-002	1.817895e-002
2.669943459695894e-005	9.999033e-003	1.832439e-002
2.769943459695820e-005	1.000142e-002	1.855661e-002
2.869943459695747e-005	9.999033e-003	1.883985e-002
2.969943459695673e-005	1.000142e-002	1.914312e-002
3.069943459695600e-005	9.999033e-003	1.943971e-002
3.169943459695526e-005	1.000142e-002	1.970960e-002
3.269943459695453e-005	9.999033e-003	1.994039e-002
3.369943459695379e-005	1.000142e-002	2.012302e-002
3.469943459695306e-005	9.999033e-003	2.025558e-002
3.569943459695232e-005	1.000142e-002	2.033903e-002
3.669943459695159e-005	9.999033e-003	2.037860e-002
3.769943459695085e-005	1.000142e-002	2.038099e-002
3.869943459695012e-005	9.999033e-003	2.035381e-002
3.969943459694938e-005	1.000142e-002	2.030565e-002
4.069943459694865e-005	9.999033e-003	2.024414e-002
4.169943459694792e-005	1.000142e-002	2.017690e-002
4.269943459694718e-005	9.999033e-003	2.011014e-002
4.369943459694645e-005	1.000142e-002	2.004816e-002
4.469943459694571e-005	9.999033e-003	1.999475e-002
4.569943459694498e-005	1.000142e-002	1.995136e-002
4.669943459694424e-005	9.999033e-003	1.991893e-002
4.769943459694351e-005	1.000142e-002	1.989795e-002
4.869943459694277e-005	9.999033e-003	1.988698e-002
4.969943459694204e-005	1.000142e-002	1.988508e-002
5.069943459694130e-005	9.999033e-003	1.988985e-002
5.169943459694057e-005	1.000142e-002	1.990034e-002
5.269943459693983e-005	9.999033e-003	1.991321e-002
5.369943459693910e-005	1.000142e-002	1.992847e-002
5.469943459693837e-005	9.999033e-003	1.994325e-002
5.569943459693763e-005	1.000142e-002	1.995756e-002
5.669943459693690e-005	9.999033e-003	1.996995e-002
5.769943459693616e-005	1.000142e-002	1.998044e-002
5.869943459693543e-005	9.999033e-003	1.998807e-002
5.969943459693469e-005	1.000142e-002	1.999332e-002
6.069943459693396e-005	9.999033e-003	1.999618e-002
6.169943459693322e-005	1.000142e-002	1.999666e-002
6.269943459693249e-005	9.999033e-003	1.999618e-002
6.369943459693175e-005	1.000142e-002	1.999427e-002
6.469943459693102e-005	9.999033e-003	1.999141e-002
6.569943459693028e-005	1.000142e-002	1.998807e-002
6.669943459692955e-005	9.999033e-003	1.998474e-002
6.769943459692882e-005	1.000142e-002	1.998140e-002
6.869943459692808e-005	9.999033e-003	1.997854e-002
6.969943459692735e-005	1.000142e-002	1.997568e-002
7.069943459692661e-005	9.999033e-003	1.997425e-002
7.169943459692588e-005	1.000142e-002	1.997281e-002
7.269943459692514e-005	9.999033e-003	1.997186e-002
7.369943459692441e-005	1.000142e-002	1.997186e-002
7.469943459692367e-005	9.999033e-003	1.997186e-002
7.569943459692294e-005	1.000142e-002	1.997234e-002
7.669943459692220e-005	9.999033e-003	1.997281e-002
7.769943459692147e-005	1.000142e-002	1.997377e-002
7.869943459692073e-005	9.999033e-003	1.997425e-002
7.969943459692000e-005	1.000142e-002	1.997520e-002
8.069943459691926e-005	9.999033e-003	1.997568e-002
8.169943459691853e-005	1.000142e-002	1.997663e-002
8.369943459691706e-005	1.000142e-002	1.997711e-002
8.469943459691633e-005	9.999033e-003	1.997758e-002
8.569943459691559e-005	1.000142e-002	1.997758e-002
8.669943459691486e-005	9.999033e-003	1.997758e-002
8.769943459691412e-005	1.000142e-002	1.997758e-002
8.869943459691339e-005	9.999033e-003	1.997711e-002
8.969943459691265e-005	1.000142e-002	1.997711e-002
9.069943459691192e-005	9.999033e-003	1.997711e-002
9.169943459691118e-005	1.000142e-002	1.997663e-002
9.269943459691045e-005	9.999033e-003	1.997663e-002
9.369943459690971e-005	1.000142e-002	1.997663e-002
9.669943459690751e-005	9.999033e-003	1.997615e-002
9.769943459690678e-005	1.000142e-002	1.997615e-002
9.869943459690604e-005	9.999033e-003	1.997615e-002
9.969943459690531e-005	1.000142e-002	1.997615e-002
1.006994345969046e-004	9.999033e-003	1.997615e-002
1.016994345969038e-004	1.000142e-002	1.997615e-002
1.026994345969031e-004	9.999033e-003	1.997615e-002
1.036994345969024e-004	1.000142e-002	1.997615e-002
1.056994345969009e-004	1.000142e-002	1.997663e-002
1.068422917397572e-004	1.000072e-002	1.997663e-002
1.079851488826135e-004	1.000025e-002	1.997663e-002
1.091280060254698e-004	1.000002e-002	1.997663e-002
1.102708631683261e-004	1.000002e-002	1.997663e-002
1.114137203111824e-004	1.000025e-002	1.997663e-002
1.125565774540387e-004	1.000072e-002	1.997663e-002
1.136994345968950e-004	1.000142e-002	1.997663e-002
1.166994345968928e-004	9.999033e-003	1.997663e-002
1.194137203111765e-004	9.999374e-003	1.997663e-002
1.221280060254603e-004	9.999714e-003	1.997663e-002
1.248422917397440e-004	1.000005e-002	1.997663e-002
1.275565774540277e-004	1.000040e-002	1.997663e-002
1.302708631683114e-004	1.000074e-002	1.997663e-002
1.329851488825952e-004	1.000108e-002	1.997663e-002
1.356994345968789e-004	1.000142e-002	1.997663e-002
9.916994345962500e-004	1.000142e-002	1.997663e-002
9.990000000001005e-004	1.000142e-002	1.997663e-002
9.993988691923885e-004	9.999033e-003	1.997615e-002
1.000000000000102e-003	9.697910e-003	1.991178e-002
1.001000000000101e-003	-9.996180e-003	1.934053e-002
1.002000000000100e-003	-1.001025e-002	1.771928e-002
1.002901184418486e-003	-9.984497e-003	1.487781e-002
1.003901184418485e-003	-1.001716e-002	1.025583e-002
1.004901184418485e-003	-9.981874e-003	4.599585e-003
1.005901184418484e-003	-1.001788e-002	-1.605497e-003
1.006901184418483e-003	-9.981874e-003	-7.865892e-003
1.007901184418483e-003	-1.001764e-002	-1.375435e-002
1.008901184418482e-003	-9.982351e-003	-1.892947e-002
1.009901184418481e-003	-1.001716e-002	-2.315186e-002
1.010901184418480e-003	-9.982590e-003	-2.629279e-002
1.011901184418480e-003	-1.001692e-002	-2.833079e-002
1.012901184418479e-003	-9.982590e-003	-2.933787e-002
1.013901184418478e-003	-1.001692e-002	-2.945326e-002
1.014901184418477e-003	-9.982590e-003	-2.885960e-002
1.015901184418477e-003	-1.001692e-002	-2.775572e-002
1.016901184418476e-003	-9.982590e-003	-2.633523e-002
1.017901184418475e-003	-1.001692e-002	-2.477168e-002
1.018901184418474e-003	-9.982590e-003	-2.321003e-002
1.019901184418474e-003	-1.001692e-002	-2.176236e-002
1.020901184418473e-003	-9.982590e-003	-2.050589e-002
1.021901184418472e-003	-1.001692e-002	-1.948832e-002
1.022901184418472e-003	-9.982590e-003	-1.872872e-002
1.023901184418471e-003	-1.001692e-002	-1.822375e-002
1.024901184418470e-003	-9.982590e-003	-1.795386e-002
1.025901184418469e-003	-1.001692e-002	-1.788662e-002
1.026901184418469e-003	-9.982590e-003	-1.798295e-002
1.027901184418468e-003	-1.001692e-002	-1.820038e-002
1.028901184418467e-003	-9.982590e-003	-1.849745e-002
1.029901184418466e-003	-1.001668e-002	-1.883601e-002
1.030901184418466e-003	-9.982828e-003	-1.918315e-002
1.031901184418465e-003	-1.001668e-002	-1.951216e-002
1.032901184418464e-003	-9.982828e-003	-1.980351e-002
1.033901184418463e-003	-1.001645e-002	-2.004431e-002
1.034901184418463e-003	-9.983067e-003	-2.022837e-002
1.035901184418462e-003	-1.001645e-002	-2.035473e-002
1.036901184418461e-003	-9.983305e-003	-2.042674e-002
1.037901184418461e-003	-1.001621e-002	-2.045058e-002
1.038901184418460e-003	-9.983305e-003	-2.043580e-002
1.039901184418459e-003	-1.001597e-002	-2.039145e-002
1.040901184418458e-003	-9.983543e-003	-2.032660e-002
1.041901184418458e-003	-1.001573e-002	-2.025126e-002
1.042901184418457e-003	-9.983782e-003	-2.017258e-002
1.043901184418456e-003	-1.001573e-002	-2.009677e-002
1.044901184418455e-003	-9.984020e-003	-2.002905e-002
1.045901184418455e-003	-1.001549e-002	-1.997231e-002
1.046901184418454e-003	-9.984259e-003	-1.992796e-002
1.047901184418453e-003	-1.001525e-002	-1.989649e-002
1.048901184418452e-003	-9.984497e-003	-1.987790e-002
1.049901184418452e-003	-1.001501e-002	-1.987027e-002
1.050901184418451e-003	-9.984735e-003	-1.987170e-002
1.051901184418450e-003	-1.001478e-002	-1.988076e-002
1.052901184418449e-003	-9.984974e-003	-1.989459e-002
1.053901184418449e-003	-1.001454e-002	-1.991080e-002
1.054901184418448e-003	-9.984974e-003	-1.992892e-002
1.055901184418447e-003	-1.001430e-002	-1.994608e-002
1.056901184418447e-003	-9.985212e-003	-1.996182e-002
1.057901184418446e-003	-1.001406e-002	-1.997517e-002
1.058901184418445e-003	-9.985451e-003	-1.998614e-002
1.059901184418444e-003	-1.001382e-002	-1.999377e-002
1.060901184418444e-003	-9.985689e-003	-1.999854e-002
1.061901184418443e-003	-1.001358e-002	-2.000044e-002
1.062901184418442e-003	-9.985928e-003	-2.000044e-002
1.063901184418441e-003	-1.001335e-002	-1.999854e-002
1.064901184418441e-003	-9.986166e-003	-1.999568e-002
1.065901184418440e-003	-1.001311e-002	-1.999234e-002
1.066901184418439e-003	-9.986404e-003	-1.998852e-002
1.067901184418438e-003	-1.001287e-002	-1.998423e-002
1.068901184418438e-003	-9.986643e-003	-1.998042e-002
1.069901184418437e-003	-1.001287e-002	-1.997756e-002
1.070901184418436e-003	-9.986881e-003	-1.997469e-002
1.071901184418436e-003	-1.001263e-002	-1.997279e-002
1.072901184418435e-003	-9.987120e-003	-1.997183e-002
1.073901184418434e-003	-1.001239e-002	-1.997136e-002
1.074901184418433e-003	-9.987358e-003	-1.997136e-002
1.075901184418433e-003	-1.001215e-002	-1.997183e-002
1.076901184418432e-003	-9.987597e-003	-1.997231e-002
1.077901184418431e-003	-1.001192e-002	-1.997279e-002
1.078901184418430e-003	-9.987835e-003	-1.997374e-002
1.079901184418430e-003	-1.001168e-002	-1.997469e-002
1.080901184418429e-003	-9.987835e-003	-1.997565e-002
1.081901184418428e-003	-1.001144e-002	-1.997613e-002
1.082901184418427e-003	-9.988073e-003	-1.997708e-002
1.083901184418427e-003	-1.001120e-002	-1.997756e-002
1.084901184418426e-003	-9.988312e-003	-1.997756e-002
1.085901184418425e-003	-1.001120e-002	-1.997803e-002
1.086901184418425e-003	-9.988550e-003	-1.997803e-002
1.087901184418424e-003	-1.001096e-002	-1.997803e-002
1.088901184418423e-003	-9.988789e-003	-1.997756e-002
1.089901184418422e-003	-1.001072e-002	-1.997756e-002
1.090901184418422e-003	-9.989027e-003	-1.997756e-002
1.091901184418421e-003	-1.001048e-002	-1.997708e-002
1.092901184418420e-003	-9.989027e-003	-1.997708e-002
1.093901184418419e-003	-1.001025e-002	-1.997660e-002
1.096901184418417e-003	-9.989504e-003	-1.997660e-002
1.097901184418416e-003	-1.001001e-002	-1.997660e-002
1.098901184418416e-003	-9.989742e-003	-1.997660e-002
1.099901184418415e-003	-1.000977e-002	-1.997660e-002
1.100901184418414e-003	-9.989742e-003	-1.997660e-002
1.101901184418413e-003	-1.000953e-002	-1.997660e-002
1.102901184418413e-003	-9.989981e-003	-1.997660e-002
1.103901184418412e-003	-1.000953e-002	-1.997660e-002
1.104901184418411e-003	-9.990219e-003	-1.997660e-002
1.106901184418410e-003	-9.990219e-003	-1.997660e-002
1.109901184418408e-003	-1.000905e-002	-1.997660e-002
1.111901184418406e-003	-1.000882e-002	-1.997660e-002
1.113901184418405e-003	-1.000858e-002	-1.997660e-002
1.116901184418402e-003	-9.991173e-003	-1.997660e-002
1.119615470132686e-003	-9.993864e-003	-1.997660e-002
1.122329755846970e-003	-9.996418e-003	-1.997660e-002
1.125044041561254e-003	-9.998836e-003	-1.997660e-002
1.127758327275537e-003	-1.000112e-002	-1.997660e-002
1.130472612989821e-003	-1.000326e-002	-1.997660e-002
1.133186898704105e-003	-1.000527e-002	-1.997660e-002
1.135901184418389e-003	-1.000715e-002	-1.997660e-002
1.999592893493479e-003	-9.998564e-003	-1.997660e-002
2.000000000000000e-003	-1.000095e-002	-1.993941e-002
2.000814213013043e-003	9.994980e-003	-1.957701e-002
2.001498693168470e-003	1.001477e-002	-1.866339e-002
2.002180085544052e-003	9.981628e-003	-1.672696e-002
2.003153086039650e-003	1.001978e-002	-1.242350e-002
2.004153086039649e-003	9.980675e-003	-6.798254e-003
2.005153086039649e-003	1.001978e-002	-5.192619e-004
2.006153086039648e-003	9.981152e-003	5.789294e-003
2.007153086039647e-003	1.001930e-002	1.165296e-002
2.008153086039646e-003	9.981390e-003	1.675512e-002
2.009153086039646e-003	1.001906e-002	2.091695e-002
2.010153086039645e-003	9.981628e-003	2.406742e-002
2.011153086039644e-003	1.001906e-002	2.622034e-002
2.012153086039643e-003	9.981390e-003	2.745248e-002
2.013153086039643e-003	1.001906e-002	2.788545e-002
2.014153086039642e-003	9.981390e-003	2.766324e-002
2.015153086039641e-003	1.001906e-002	2.694465e-002
2.016153086039640e-003	9.981390e-003	2.588607e-002
2.017153086039640e-003	1.001930e-002	2.463342e-002
2.018153086039639e-003	9.981152e-003	2.331640e-002
2.019153086039638e-003	1.001930e-002	2.204229e-002
2.020153086039637e-003	9.981152e-003	2.089216e-002
2.021153086039637e-003	1.001930e-002	1.992227e-002
2.022153086039636e-003	9.981152e-003	1.916410e-002
2.023153086039635e-003	1.001954e-002	1.862766e-002
2.024153086039635e-003	9.981152e-003	1.830341e-002
2.025153086039634e-003	1.001954e-002	1.816942e-002
2.026153086039633e-003	9.981152e-003	1.819421e-002
2.027153086039632e-003	1.001930e-002	1.834108e-002
2.028153086039632e-003	9.981152e-003	1.857377e-002
2.029153086039631e-003	1.001930e-002	1.885559e-002
2.030153086039630e-003	9.981152e-003	1.915647e-002
2.031153086039629e-003	1.001930e-002	1.945020e-002
2.032153086039629e-003	9.981152e-003	1.971771e-002
2.033153086039628e-003	1.001906e-002	1.994564e-002
2.034153086039627e-003	9.981390e-003	2.012588e-002
2.035153086039626e-003	1.001906e-002	2.025606e-002
2.036153086039626e-003	9.981390e-003	2.033807e-002
2.037153086039625e-003	1.001882e-002	2.037670e-002
2.038153086039624e-003	9.981628e-003	2.037813e-002
2.039153086039624e-003	1.001882e-002	2.035047e-002
2.040153086039623e-003	9.981867e-003	2.030183e-002
2.041153086039622e-003	1.001858e-002	2.024080e-002
2.042153086039621e-003	9.981867e-003	2.017404e-002
2.043153086039621e-003	1.001834e-002	2.010776e-002
2.044153086039620e-003	9.982105e-003	2.004625e-002
2.045153086039619e-003	1.001834e-002	1.999332e-002
2.046153086039618e-003	9.982344e-003	1.995040e-002
2.047153086039618e-003	1.001811e-002	1.991893e-002
2.048153086039617e-003	9.982582e-003	1.989843e-002
2.049153086039616e-003	1.001787e-002	1.988794e-002
2.050153086039615e-003	9.982821e-003	1.988603e-002
2.051153086039615e-003	1.001763e-002	1.989080e-002
2.052153086039614e-003	9.982821e-003	1.990129e-002
2.053153086039613e-003	1.001739e-002	1.991416e-002
2.054153086039613e-003	9.983059e-003	1.992895e-002
2.055153086039612e-003	1.001739e-002	1.994420e-002
2.056153086039611e-003	9.983297e-003	1.995803e-002
2.057153086039610e-003	1.001715e-002	1.997043e-002
2.058153086039610e-003	9.983536e-003	1.998044e-002
2.059153086039609e-003	1.001691e-002	1.998807e-002
2.060153086039608e-003	9.983774e-003	1.999332e-002
2.061153086039607e-003	1.001668e-002	1.999618e-002
2.062153086039607e-003	9.984013e-003	1.999666e-002
2.063153086039606e-003	1.001644e-002	1.999570e-002
2.064153086039605e-003	9.984013e-003	1.999380e-002
2.065153086039604e-003	1.001620e-002	1.999141e-002
2.066153086039604e-003	9.984251e-003	1.998807e-002
2.067153086039603e-003	1.001596e-002	1.998426e-002
2.068153086039602e-003	9.984489e-003	1.998140e-002
2.069153086039601e-003	1.001572e-002	1.997854e-002
2.070153086039601e-003	9.984728e-003	1.997568e-002
2.071153086039600e-003	1.001572e-002	1.997425e-002
2.072153086039599e-003	9.984966e-003	1.997281e-002
2.073153086039599e-003	1.001548e-002	1.997234e-002
2.074153086039598e-003	9.985205e-003	1.997186e-002
2.075153086039597e-003	1.001525e-002	1.997186e-002
2.076153086039596e-003	9.985443e-003	1.997234e-002
2.077153086039596e-003	1.001501e-002	1.997329e-002
2.078153086039595e-003	9.985443e-003	1.997377e-002
2.079153086039594e-003	1.001477e-002	1.997472e-002
2.080153086039593e-003	9.985682e-003	1.997520e-002
2.081153086039593e-003	1.001453e-002	1.997615e-002
2.082153086039592e-003	9.985920e-003	1.997663e-002
2.084153086039590e-003	9.986158e-003	1.997711e-002
2.085153086039590e-003	1.001429e-002	1.997758e-002
2.086153086039589e-003	9.986397e-003	1.997758e-002
2.087153086039588e-003	1.001405e-002	1.997758e-002
2.088153086039588e-003	9.986635e-003	1.997758e-002
2.089153086039587e-003	1.001381e-002	1.997711e-002
2.090153086039586e-003	9.986635e-003	1.997711e-002
2.091153086039585e-003	1.001358e-002	1.997711e-002
2.092153086039585e-003	9.986874e-003	1.997663e-002
2.093153086039584e-003	1.001358e-002	1.997663e-002
2.094153086039583e-003	9.987112e-003	1.997663e-002
2.097153086039581e-003	1.001310e-002	1.997615e-002
2.098153086039580e-003	9.987350e-003	1.997615e-002
2.099153086039579e-003	1.001286e-002	1.997615e-002
2.100153086039579e-003	9.987589e-003	1.997615e-002
2.101153086039578e-003	1.001286e-002	1.997615e-002
2.102153086039577e-003	9.987827e-003	1.997615e-002
2.103153086039577e-003	1.001262e-002	1.997615e-002
2.104153086039576e-003	9.988066e-003	1.997663e-002
2.106153086039574e-003	9.988066e-003	1.997663e-002
2.107438800325288e-003	9.991730e-003	1.997663e-002
2.108724514611001e-003	9.995296e-003	1.997663e-002
2.110010228896714e-003	9.998765e-003	1.997663e-002
2.111295943182428e-003	1.000214e-002	1.997663e-002
2.112581657468141e-003	1.000541e-002	1.997663e-002
2.113867371753854e-003	1.000859e-002	1.997663e-002
2.115153086039568e-003	1.001167e-002	1.997663e-002
2.116581657468138e-003	1.000462e-002	1.997663e-002
2.118010228896709e-003	9.999884e-003	1.997663e-002
2.119438800325279e-003	9.997466e-003	1.997663e-002
2.120867371753849e-003	9.997364e-003	1.997663e-002
2.122295943182420e-003	9.999578e-003	1.997663e-002
2.123724514610990e-003	1.000411e-002	1.997663e-002
2.125153086039560e-003	1.001095e-002	1.997663e-002
2.134867371753839e-003	1.000506e-002	1.997663e-002
2.144581657468117e-003	1.000094e-002	1.997663e-002
2.154295943182396e-003	9.998590e-003	1.997663e-002
2.164010228896675e-003	9.998011e-003	1.997663e-002
2.173724514610953e-003	9.999203e-003	1.997663e-002
2.183438800325232e-003	1.000217e-002	1.997663e-002
2.193153086039510e-003	1.000690e-002	1.997663e-002
2.999000000000102e-003	9.999033e-003	1.997663e-002
3.000000000000100e-003	1.000142e-002	1.989509e-002
3.001000000000099e-003	-9.995703e-003	1.935770e-002
3.002000000000098e-003	-1.001096e-002	1.771547e-002
3.003000000000098e-003	-9.984259e-003	1.450826e-002
3.004000000000097e-003	-1.001764e-002	9.815707e-003
3.005000000000096e-003	-9.981159e-003	4.088416e-003
3.006000000000095e-003	-1.001883e-002	-2.143369e-003
3.007000000000095e-003	-9.980921e-003	-8.390890e-003
3.008000000000094e-003	-1.001835e-002	-1.423262e-002
3.009000000000093e-003	-9.981398e-003	-1.933573e-002
3.010000000000093e-003	-1.001788e-002	-2.347039e-002
3.011000000000092e-003	-9.981874e-003	-2.651690e-002
3.012000000000091e-003	-1.001764e-002	-2.846287e-002
3.013000000000090e-003	-9.981874e-003	-2.938651e-002
3.014000000000090e-003	-1.001764e-002	-2.943276e-002
3.015000000000089e-003	-9.981874e-003	-2.878665e-002
3.016000000000088e-003	-1.001764e-002	-2.764700e-002
3.017000000000087e-003	-9.981874e-003	-2.620696e-002
3.018000000000087e-003	-1.001764e-002	-2.463721e-002
3.019000000000086e-003	-9.981874e-003	-2.308081e-002
3.020000000000085e-003	-1.001764e-002	-2.164553e-002
3.021000000000084e-003	-9.981636e-003	-2.040814e-002
3.022000000000084e-003	-1.001788e-002	-1.941203e-002
3.023000000000083e-003	-9.981636e-003	-1.867388e-002
3.024000000000082e-003	-1.001764e-002	-1.819037e-002
3.025000000000081e-003	-9.981874e-003	-1.793955e-002
3.026000000000081e-003	-1.001764e-002	-1.788806e-002
3.027000000000080e-003	-9.981874e-003	-1.799630e-002
3.028000000000079e-003	-1.001764e-002	-1.822280e-002
3.029000000000079e-003	-9.981874e-003	-1.852511e-002
3.030000000000078e-003	-1.001764e-002	-1.886557e-002
3.031000000000077e-003	-9.982113e-003	-1.921271e-002
3.032000000000076e-003	-1.001740e-002	-1.953887e-002
3.033000000000076e-003	-9.982113e-003	-1.982640e-002
3.034000000000075e-003	-1.001716e-002	-2.006243e-002
3.035000000000074e-003	-9.982351e-003	-2.024172e-002
3.036000000000073e-003	-1.001716e-002	-2.036284e-002
3.037000000000073e-003	-9.982590e-003	-2.043055e-002
3.038000000000072e-003	-1.001692e-002	-2.045153e-002
3.039000000000071e-003	-9.982590e-003	-2.043341e-002
3.040000000000070e-003	-1.001668e-002	-2.038668e-002
3.041000000000070e-003	-9.982828e-003	-2.032088e-002
3.042000000000069e-003	-1.001645e-002	-2.024458e-002
3.043000000000068e-003	-9.983067e-003	-2.016591e-002
3.044000000000068e-003	-1.001645e-002	-2.009057e-002
3.045000000000067e-003	-9.983305e-003	-2.002333e-002
3.046000000000066e-003	-1.001621e-002	-1.996754e-002
3.047000000000065e-003	-9.983543e-003	-1.992463e-002
3.048000000000065e-003	-1.001597e-002	-1.989459e-002
3.049000000000064e-003	-9.983782e-003	-1.987694e-002
3.050000000000063e-003	-1.001573e-002	-1.987027e-002
3.051000000000062e-003	-9.984020e-003	-1.987265e-002
3.052000000000062e-003	-1.001549e-002	-1.988171e-002
3.053000000000061e-003	-9.984259e-003	-1.989554e-002
3.054000000000060e-003	-1.001525e-002	-1.991271e-002
3.055000000000059e-003	-9.984497e-003	-1.993035e-002
3.056000000000059e-003	-1.001501e-002	-1.994752e-002
3.057000000000058e-003	-9.984735e-003	-1.996325e-002
3.058000000000057e-003	-1.001478e-002	-1.997660e-002
3.059000000000057e-003	-9.984974e-003	-1.998662e-002
3.060000000000056e-003	-1.001454e-002	-1.999377e-002
3.061000000000055e-003	-9.985212e-003	-1.999854e-002
3.062000000000054e-003	-1.001430e-002	-2.000044e-002
3.063000000000054e-003	-9.985451e-003	-2.000044e-002
3.064000000000053e-003	-1.001406e-002	-1.999854e-002
3.065000000000052e-003	-9.985689e-003	-1.999568e-002
3.066000000000051e-003	-1.001382e-002	-1.999186e-002
3.067000000000051e-003	-9.985928e-003	-1.998805e-002
3.068000000000050e-003	-1.001358e-002	-1.998423e-002
3.069000000000049e-003	-9.985928e-003	-1.998042e-002
3.070000000000048e-003	-1.001335e-002	-1.997756e-002
3.071000000000048e-003	-9.986166e-003	-1.997469e-002
3.072000000000047e-003	-1.001311e-002	-1.997279e-002
3.073000000000046e-003	-9.986404e-003	-1.997183e-002
3.074000000000045e-003	-1.001287e-002	-1.997136e-002
3.075000000000045e-003	-9.986643e-003	-1.997136e-002
3.076000000000044e-003	-1.001263e-002	-1.997183e-002
3.077000000000043e-003	-9.986881e-003	-1.997231e-002
3.078000000000043e-003	-1.001239e-002	-1.997279e-002
3.079000000000042e-003	-9.987120e-003	-1.997374e-002
3.080000000000041e-003	-1.001215e-002	-1.997469e-002
3.081000000000040e-003	-9.987358e-003	-1.997565e-002
3.082000000000040e-003	-1.001215e-002	-1.997660e-002
3.083000000000039e-003	-9.987597e-003	-1.997708e-002
3.084000000000038e-003	-1.001192e-002	-1.997756e-002
3.085000000000037e-003	-9.987835e-003	-1.997756e-002
3.086000000000037e-003	-1.001168e-002	-1.997803e-002
3.087000000000036e-003	-9.988073e-003	-1.997803e-002
3.088000000000035e-003	-1.001144e-002	-1.997803e-002
3.089000000000034e-003	-9.988073e-003	-1.997756e-002
3.090000000000034e-003	-1.001120e-002	-1.997756e-002
3.091000000000033e-003	-9.988312e-003	-1.997756e-002
3.092000000000032e-003	-1.001096e-002	-1.997708e-002
3.093000000000032e-003	-9.988550e-003	-1.997708e-002
3.094000000000031e-003	-1.001096e-002	-1.997660e-002
3.097000000000029e-003	-9.989027e-003	-1.997660e-002
3.098000000000028e-003	-1.001048e-002	-1.997660e-002
3.099000000000027e-003	-9.989265e-003	-1.997660e-002
3.100000000000026e-003	-1.001025e-002	-1.997660e-002
3.101000000000026e-003	-9.989265e-003	-1.997660e-002
3.102000000000025e-003	-1.001001e-002	-1.997660e-002
3.103000000000024e-003	-9.989504e-003	-1.997660e-002
3.104000000000023e-003	-1.001001e-002	-1.997660e-002
3.105000000000023e-003	-9.989742e-003	-1.997660e-002
3.107000000000021e-003	-9.989742e-003	-1.997660e-002
3.110000000000019e-003	-1.000953e-002	-1.997660e-002
3.112000000000018e-003	-1.000929e-002	-1.997660e-002
3.114000000000016e-003	-1.000905e-002	-1.997660e-002
3.117000000000014e-003	-9.990696e-003	-1.997660e-002
3.119714285714298e-003	-9.993523e-003	-1.997660e-002
3.122428571428581e-003	-9.996214e-003	-1.997660e-002
3.125142857142865e-003	-9.998768e-003	-1.997660e-002
3.127857142857149e-003	-1.000119e-002	-1.997660e-002
3.130571428571433e-003	-1.000347e-002	-1.997660e-002
3.133285714285716e-003	-1.000561e-002	-1.997660e-002
3.136000000000000e-003	-1.000762e-002	-1.997660e-002
3.998999999999366e-003	-1.000095e-002	-1.997660e-002
3.999999999999365e-003	-9.998564e-003	-1.988505e-002
4.000999999999364e-003	9.994503e-003	-1.926230e-002
4.001999999999364e-003	1.001191e-002	-1.732920e-002
4.002999999999363e-003	9.984966e-003	-1.358603e-002
4.003999999999362e-003	1.001739e-002	-8.282171e-003
4.004999999999362e-003	9.982582e-003	-2.118097e-003
4.005999999999361e-003	1.001834e-002	4.222884e-003
4.006999999999360e-003	9.982344e-003	1.022436e-002
4.007999999999359e-003	1.001811e-002	1.553251e-002
4.008999999999359e-003	9.982582e-003	1.993705e-002
4.009999999999358e-003	1.001787e-002	2.334119e-002
4.010999999999357e-003	9.982821e-003	2.574064e-002
4.011999999999356e-003	1.001763e-002	2.719737e-002
4.012999999999356e-003	9.982821e-003	2.782155e-002
4.013999999999355e-003	1.001763e-002	2.775480e-002
4.014999999999354e-003	9.982821e-003	2.715064e-002
4.015999999999353e-003	1.001763e-002	2.616788e-002
4.016999999999353e-003	9.982821e-003	2.495529e-002
4.017999999999352e-003	1.001787e-002	2.364732e-002
4.018999999999351e-003	9.982582e-003	2.235605e-002
4.019999999999351e-003	1.001787e-002	2.117063e-002
4.020999999999350e-003	9.982582e-003	2.015306e-002
4.021999999999349e-003	1.001787e-002	1.934101e-002
4.022999999999348e-003	9.982582e-003	1.874877e-002
4.023999999999348e-003	1.001787e-002	1.837255e-002
4.024999999999347e-003	9.982582e-003	1.819231e-002
4.025999999999346e-003	1.001811e-002	1.817895e-002
4.026999999999345e-003	9.982582e-003	1.829769e-002
4.027999999999345e-003	1.001787e-002	1.851083e-002
4.028999999999344e-003	9.982582e-003	1.878263e-002
4.029999999999343e-003	1.001787e-002	1.908065e-002
4.030999999999342e-003	9.982582e-003	1.937772e-002
4.031999999999342e-003	1.001787e-002	1.965286e-002
4.032999999999341e-003	9.982582e-003	1.989128e-002
4.033999999999340e-003	1.001787e-002	2.008344e-002
4.034999999999340e-003	9.982821e-003	2.022649e-002
4.035999999999339e-003	1.001763e-002	2.032043e-002
4.036999999999338e-003	9.982821e-003	2.036954e-002
4.037999999999337e-003	1.001763e-002	2.037956e-002
4.038999999999337e-003	9.982821e-003	2.035858e-002
4.039999999999336e-003	1.001739e-002	2.031518e-002
4.040999999999335e-003	9.983059e-003	2.025653e-002
4.041999999999334e-003	1.001739e-002	2.019121e-002
4.042999999999334e-003	9.983059e-003	2.012397e-002
4.043999999999333e-003	1.001715e-002	2.006103e-002
4.044999999999332e-003	9.983297e-003	2.000572e-002
4.045999999999331e-003	1.001715e-002	1.996042e-002
4.046999999999331e-003	9.983536e-003	1.992608e-002
4.047999999999330e-003	1.001691e-002	1.990272e-002
4.048999999999329e-003	9.983536e-003	1.988985e-002
4.049999999999328e-003	1.001668e-002	1.988603e-002
4.050999999999328e-003	9.983774e-003	1.988937e-002
4.051999999999327e-003	1.001668e-002	1.989843e-002
4.052999999999326e-003	9.984013e-003	1.991083e-002
4.053999999999326e-003	1.001644e-002	1.992513e-002
4.054999999999325e-003	9.984013e-003	1.994039e-002
4.055999999999324e-003	1.001620e-002	1.995470e-002
4.056999999999323e-003	9.984251e-003	1.996757e-002
4.057999999999323e-003	1.001620e-002	1.997854e-002
4.058999999999322e-003	9.984489e-003	1.998664e-002
4.059999999999321e-003	1.001596e-002	1.999237e-002
4.060999999999320e-003	9.984489e-003	1.999570e-002
4.061999999999320e-003	1.001572e-002	1.999666e-002
4.062999999999319e-003	9.984728e-003	1.999618e-002
4.063999999999318e-003	1.001572e-002	1.999475e-002
4.064999999999317e-003	9.984966e-003	1.999189e-002
4.065999999999317e-003	1.001548e-002	1.998855e-002
4.066999999999316e-003	9.985205e-003	1.998521e-002
4.067999999999315e-003	1.001525e-002	1.998187e-002
4.068999999999315e-003	9.985205e-003	1.997901e-002
4.069999999999314e-003	1.001501e-002	1.997663e-002
4.070999999999313e-003	9.985443e-003	1.997472e-002
4.071999999999312e-003	1.001501e-002	1.997329e-002
4.072999999999312e-003	9.985682e-003	1.997234e-002
4.073999999999311e-003	1.001477e-002	1.997186e-002
4.074999999999310e-003	9.985682e-003	1.997186e-002
4.075999999999309e-003	1.001453e-002	1.997234e-002
4.076999999999309e-003	9.985920e-003	1.997281e-002
4.077999999999308e-003	1.001453e-002	1.997377e-002
4.078999999999307e-003	9.986158e-003	1.997425e-002
4.079999999999306e-003	1.001429e-002	1.997520e-002
4.080999999999306e-003	9.986397e-003	1.997568e-002
4.081999999999305e-003	1.001405e-002	1.997663e-002
4.083999999999304e-003	1.001405e-002	1.997711e-002
4.084999999999303e-003	9.986635e-003	1.997758e-002
4.085999999999302e-003	1.001381e-002	1.997758e-002
4.086999999999301e-003	9.986874e-003	1.997758e-002
4.087999999999301e-003	1.001358e-002	1.997758e-002
4.088999999999300e-003	9.986874e-003	1.997711e-002
4.089999999999299e-003	1.001358e-002	1.997711e-002
4.090999999999298e-003	9.987112e-003	1.997711e-002
4.091999999999298e-003	1.001334e-002	1.997663e-002
4.092999999999297e-003	9.987112e-003	1.997663e-002
4.093999999999296e-003	1.001310e-002	1.997663e-002
4.096999999999294e-003	9.987589e-003	1.997615e-002
4.097999999999293e-003	1.001286e-002	1.997615e-002
4.098999999999292e-003	9.987589e-003	1.997615e-002
4.099999999999292e-003	1.001262e-002	1.997615e-002
4.100999999999291e-003	9.987827e-003	1.997615e-002
4.101999999999290e-003	1.001262e-002	1.997615e-002
4.102999999999290e-003	9.988066e-003	1.997615e-002
4.103999999999289e-003	1.001238e-002	1.997615e-002
4.105999999999287e-003	1.001238e-002	1.997663e-002
4.107142857142144e-003	1.000487e-002	1.997663e-002
4.108285714285000e-003	9.999821e-003	1.997663e-002
4.109428571427857e-003	9.997247e-003	1.997663e-002
4.110571428570712e-003	9.997145e-003	1.997663e-002
4.111714285713569e-003	9.999515e-003	1.997663e-002
4.112857142856425e-003	1.000436e-002	1.997663e-002
4.113999999999281e-003	1.001167e-002	1.997663e-002
4.116999999999279e-003	9.989019e-003	1.997663e-002
4.119714285713563e-003	9.992435e-003	1.997663e-002
4.122428571427847e-003	9.995734e-003	1.997663e-002
4.125142857142131e-003	9.998916e-003	1.997663e-002
4.127857142856414e-003	1.000198e-002	1.997663e-002
4.130571428570698e-003	1.000493e-002	1.997663e-002
4.133285714284981e-003	1.000776e-002	1.997663e-002
4.135999999999265e-003	1.001048e-002	1.997663e-002
4.998999999998631e-003	9.999033e-003	1.997663e-002
4.999999999998631e-003	1.000142e-002	1.989509e-002
5.000999999998630e-003	-9.995941e-003	1.935770e-002
5.001999999998629e-003	-1.001072e-002	1.771547e-002
5.002999999998628e-003	-9.984259e-003	1.450826e-002
5.003999999998628e-003	-1.001764e-002	9.815707e-003
5.004999999998627e-003	-9.981159e-003	4.088416e-003
5.005999999998626e-003	-1.001859e-002	-2.143369e-003
5.006999999998625e-003	-9.981159e-003	-8.390890e-003
5.007999999998625e-003	-1.001835e-002	-1.423262e-002
5.008999999998624e-003	-9.981398e-003	-1.933573e-002
5.009999999998623e-003	-1.001788e-002	-2.347039e-002
5.010999999998623e-003	-9.981874e-003	-2.651690e-002
5.011999999998622e-003	-1.001764e-002	-2.846287e-002
5.012999999998621e-003	-9.981874e-003	-2.938651e-002
5.013999999998620e-003	-1.001764e-002	-2.943276e-002
5.014999999998620e-003	-9.981874e-003	-2.878665e-002
5.015999999998619e-003	-1.001764e-002	-2.764700e-002
5.016999999998618e-003	-9.981874e-003	-2.620696e-002
5.017999999998617e-003	-1.001764e-002	-2.463721e-002
5.018999999998617e-003	-9.981874e-003	-2.308081e-002
5.019999999998616e-003	-1.001764e-002	-2.164553e-002
5.020999999998615e-003	-9.981874e-003	-2.040814e-002
5.021999999998614e-003	-1.001764e-002	-1.941203e-002
5.022999999998614e-003	-9.981874e-003	-1.867388e-002
5.023999999998613e-003	-1.001764e-002	-1.819037e-002
5.024999999998612e-003	-9.981874e-003	-1.793955e-002
5.025999999998611e-003	-1.001764e-002	-1.788806e-002
5.026999999998611e-003	-9.981874e-003	-1.799630e-002
5.027999999998610e-003	-1.001764e-002	-1.822280e-002
5.028999999998609e-003	-9.981874e-003	-1.852511e-002
5.029999999998609e-003	-1.001740e-002	-1.886557e-002
5.030999999998608e-003	-9.982113e-003	-1.921271e-002
5.031999999998607e-003	-1.001740e-002	-1.953887e-002
5.032999999998606e-003	-9.982113e-003	-1.982640e-002
5.033999999998606e-003	-1.001716e-002	-2.006243e-002
5.034999999998605e-003	-9.982351e-003	-2.024172e-002
5.035999999998604e-003	-1.001716e-002	-2.036284e-002
5.036999999998603e-003	-9.982590e-003	-2.043055e-002
5.037999999998603e-003	-1.001692e-002	-2.045153e-002
5.038999999998602e-003	-9.982590e-003	-2.043341e-002
5.039999999998601e-003	-1.001668e-002	-2.038668e-002
5.040999999998600e-003	-9.982828e-003	-2.032088e-002
5.041999999998600e-003	-1.001645e-002	-2.024458e-002
5.042999999998599e-003	-9.983067e-003	-2.016591e-002
5.043999999998598e-003	-1.001621e-002	-2.009057e-002
5.044999999998598e-003	-9.983305e-003	-2.002333e-002
5.045999999998597e-003	-1.001621e-002	-1.996754e-002
5.046999999998596e-003	-9.983543e-003	-1.992463e-002
5.047999999998595e-003	-1.001597e-002	-1.989459e-002
5.048999999998595e-003	-9.983782e-003	-1.987694e-002
5.049999999998594e-003	-1.001573e-002	-1.987027e-002
5.050999999998593e-003	-9.984020e-003	-1.987265e-002
5.051999999998592e-003	-1.001549e-002	-1.988171e-002
5.052999999998592e-003	-9.984259e-003	-1.989554e-002
5.053999999998591e-003	-1.001525e-002	-1.991271e-002
5.054999999998590e-003	-9.984497e-003	-1.993035e-002
5.055999999998589e-003	-1.001501e-002	-1.994752e-002
5.056999999998589e-003	-9.984735e-003	-1.996325e-002
5.057999999998588e-003	-1.001478e-002	-1.997660e-002
5.058999999998587e-003	-9.984974e-003	-1.998662e-002
5.059999999998587e-003	-1.001454e-002	-1.999377e-002
5.060999999998586e-003	-9.985212e-003	-1.999854e-002
5.061999999998585e-003	-1.001430e-002	-2.000044e-002
5.062999999998584e-003	-9.985451e-003	-2.000044e-002
5.063999999998584e-003	-1.001406e-002	-1.999854e-002
5.064999999998583e-003	-9.985689e-003	-1.999568e-002
5.065999999998582e-003	-1.001382e-002	-1.999186e-002
5.066999999998581e-003	-9.985928e-003	-1.998805e-002
5.067999999998581e-003	-1.001358e-002	-1.998423e-002
5.068999999998580e-003	-9.986166e-003	-1.998042e-002
5.069999999998579e-003	-1.001335e-002	-1.997756e-002
5.070999999998578e-003	-9.986404e-003	-1.997469e-002
5.071999999998578e-003	-1.001311e-002	-1.997279e-002
5.072999999998577e-003	-9.986404e-003	-1.997183e-002
5.073999999998576e-003	-1.001287e-002	-1.997136e-002
5.074999999998575e-003	-9.986643e-003	-1.997136e-002
5.075999999998575e-003	-1.001263e-002	-1.997183e-002
5.076999999998574e-003	-9.986881e-003	-1.997231e-002
5.077999999998573e-003	-1.001239e-002	-1.997279e-002
5.078999999998573e-003	-9.987120e-003	-1.997374e-002
5.079999999998572e-003	-1.001215e-002	-1.997469e-002
5.080999999998571e-003	-9.987358e-003	-1.997565e-002
5.081999999998570e-003	-1.001192e-002	-1.997660e-002
5.082999999998570e-003	-9.987597e-003	-1.997708e-002
5.083999999998569e-003	-1.001192e-002	-1.997756e-002
5.084999999998568e-003	-9.987835e-003	-1.997756e-002
5.085999999998567e-003	-1.001168e-002	-1.997803e-002
5.086999999998567e-003	-9.988073e-003	-1.997803e-002
5.087999999998566e-003	-1.001144e-002	-1.997803e-002
5.088999999998565e-003	-9.988312e-003	-1.997756e-002
5.089999999998564e-003	-1.001120e-002	-1.997756e-002
5.090999999998564e-003	-9.988312e-003	-1.997756e-002
5.091999999998563e-003	-1.001096e-002	-1.997708e-002
5.092999999998562e-003	-9.988550e-003	-1.997708e-002
5.093999999998562e-003	-1.001072e-002	-1.997660e-002
5.096999999998559e-003	-9.989027e-003	-1.997660e-002
5.097999999998559e-003	-1.001048e-002	-1.997660e-002
5.098999999998558e-003	-9.989265e-003	-1.997660e-002
5.099999999998557e-003	-1.001025e-002	-1.997660e-002
5.100999999998556e-003	-9.989265e-003	-1.997660e-002
5.101999999998556e-003	-1.001001e-002	-1.997660e-002
5.102999999998555e-003	-9.989504e-003	-1.997660e-002
5.103999999998554e-003	-1.001001e-002	-1.997660e-002
5.104999999998553e-003	-9.989742e-003	-1.997660e-002
5.106999999998552e-003	-9.989981e-003	-1.997660e-002
5.109999999998550e-003	-1.000929e-002	-1.997660e-002
5.111999999998548e-003	-1.000929e-002	-1.997660e-002
5.113999999998547e-003	-1.000905e-002	-1.997660e-002
5.116999999998545e-003	-9.990696e-003	-1.997660e-002
5.119714285712828e-003	-9.993547e-003	-1.997660e-002
5.122428571427112e-003	-9.996243e-003	-1.997660e-002
5.125142857141396e-003	-9.998783e-003	-1.997660e-002
5.127857142855679e-003	-1.000117e-002	-1.997660e-002
5.130571428569963e-003	-1.000340e-002	-1.997660e-002
5.133285714284247e-003	-1.000547e-002	-1.997660e-002
5.135999999998531e-003	-1.000739e-002	-1.997660e-002
5.998999999998545e-003	-1.000095e-002	-1.997660e-002
5.999999999998546e-003	-9.998564e-003	-1.997660e-002
