Freq	Gain	Phase
1.00000000000000e-001	5.85451708855054e+001	1.79864602935799e+002
1.07977516232771e-001	5.85451607331615e+001	1.79838678263672e+002
1.16591440117983e-001	5.85451483359239e+001	1.79811805566681e+002
1.25892541179417e-001	5.85451334019900e+001	1.79783822962811e+002
1.35935639087853e-001	5.85451155799925e+001	1.79754559108915e+002
1.46779926762207e-001	5.85450944464848e+001	1.79723854019890e+002
1.58489319246111e-001	5.85450695036898e+001	1.79691522298963e+002
1.71132830416178e-001	5.85450401636702e+001	1.79657366641308e+002
1.84784979742229e-001	5.85450057318156e+001	1.79621198459130e+002
1.99526231496888e-001	5.85449653962173e+001	1.79582800902640e+002
2.15443469003188e-001	5.85449182053315e+001	1.79541942138024e+002
2.32630506715363e-001	5.85448630459691e+001	1.79498374155878e+002
2.51188643150958e-001	5.85447986138382e+001	1.79451860250259e+002
2.71227257933203e-001	5.85447233892193e+001	1.79402116102954e+002
2.92864456462524e-001	5.85446355966166e+001	1.79348851434664e+002
3.16227766016838e-001	5.85445331638559e+001	1.79291754010049e+002
3.41454887383360e-001	5.85444136746181e+001	1.79230473516757e+002
3.68694506451958e-001	5.85442743085334e+001	1.79164662838196e+002
3.98107170553497e-001	5.85441117760050e+001	1.79093947269918e+002
4.29866234708228e-001	5.85439222454984e+001	1.79017864815505e+002
4.64158883361278e-001	5.85437012436477e+001	1.78936007667632e+002
5.01187233627272e-001	5.85434435571613e+001	1.78847904630038e+002
5.41169526546464e-001	5.85431431104054e+001	1.78753018407119e+002
5.84341413373518e-001	5.85427928213466e+001	1.78650742690962e+002
6.30957344480193e-001	5.85423844286086e+001	1.78540571619929e+002
6.81292069057961e-001	5.85419083089165e+001	1.78421837541033e+002
7.35642254459641e-001	5.85413532478862e+001	1.78293764941073e+002
7.94328234724282e-001	5.85407061706867e+001	1.78155696711350e+002
8.57695898590894e-001	5.85399518459409e+001	1.78006773621720e+002
9.26118728128794e-001	5.85390725232960e+001	1.77846188809357e+002
1.00000000000000e+000	5.85380475271154e+001	1.77672895458202e+002
1.07977516232771e+000	5.85368527681372e+001	1.77485947008151e+002
1.16591440117983e+000	5.85354601905552e+001	1.77284261783087e+002
1.25892541179417e+000	5.85338371217639e+001	1.77066732505223e+002
1.35935639087853e+000	5.85319455249213e+001	1.76831990357902e+002
1.46779926762207e+000	5.85297411218458e+001	1.76578686552080e+002
1.58489319246111e+000	5.85271723839793e+001	1.76305486021382e+002
1.71132830416178e+000	5.85241793711611e+001	1.76010715762437e+002
1.84784979742229e+000	5.85206923747169e+001	1.75692703411600e+002
1.99526231496888e+000	5.85166303647553e+001	1.75349770622051e+002
2.15443469003188e+000	5.85118991999244e+001	1.74979766310064e+002
2.32630506715363e+000	5.85063895647615e+001	1.74580865793881e+002
2.51188643150958e+000	5.84999746130864e+001	1.74150874648768e+002
2.71227257933203e+000	5.84925072726718e+001	1.73687338696008e+002
2.92864456462524e+000	5.84838171727628e+001	1.73187770119754e+002
3.16227766016838e+000	5.84737071662316e+001	1.72649529897549e+002
3.41454887383360e+000	5.84619494032363e+001	1.72069827301797e+002
3.68694506451958e+000	5.84482809293532e+001	1.71445722053224e+002
3.98107170553497e+000	5.84323987859132e+001	1.70774129902650e+002
4.29866234708228e+000	5.84139546037485e+001	1.70051832569923e+002
4.64158883361278e+000	5.83925487057308e+001	1.69275493129854e+002
5.01187233627272e+000	5.83677237540827e+001	1.68441908230821e+002
5.41169526546464e+000	5.83389580256766e+001	1.67547117888802e+002
5.84341413373518e+000	5.83056584664384e+001	1.66588056244613e+002
6.30957344480193e+000	5.82671536878761e+001	1.65560531912218e+002
6.81292069057961e+000	5.82226872623624e+001	1.64462053739927e+002
7.35642254459641e+000	5.81714116142361e+001	1.63288918402604e+002
7.94328234724281e+000	5.81123831070382e+001	1.62038146189970e+002
8.57695898590894e+000	5.80445588868483e+001	1.60706671977264e+002
9.26118728128793e+000	5.79667962903528e+001	1.59292853545979e+002
1.00000000000000e+001	5.78778556133527e+001	1.57795693547006e+002
1.07977516232771e+001	5.77764071851533e+001	1.56214533174716e+002
1.16591440117983e+001	5.76610436548993e+001	1.54548751993337e+002
1.25892541179417e+001	5.75302983397632e+001	1.52800227357570e+002
1.35935639087853e+001	5.73826700395995e+001	1.50971640169160e+002
1.46779926762207e+001	5.72166545650526e+001	1.49067057495230e+002
1.58489319246111e+001	5.70307824823068e+001	1.47092016994858e+002
1.71132830416178e+001	5.68236619288471e+001	1.45053559374693e+002
1.84784979742229e+001	5.65940245686550e+001	1.42960196470665e+002
1.99526231496888e+001	5.63407720394939e+001	1.40821806096373e+002
2.15443469003188e+001	5.60630196607861e+001	1.38648530124785e+002
2.32630506715363e+001	5.57601341225430e+001	1.36454201582111e+002
2.51188643150958e+001	5.54317615433261e+001	1.34250507574118e+002
2.71227257933203e+001	5.50778437985482e+001	1.32050313224693e+002
2.92864456462524e+001	5.46986211929970e+001	1.29866365762531e+002
3.16227766016838e+001	5.42946213662690e+001	1.27710927006969e+002
3.41454887383360e+001	5.38666354738318e+001	1.25595439229316e+002
3.68694506451957e+001	5.34156838795680e+001	1.23530245424484e+002
3.98107170553497e+001	5.29429743988461e+001	1.21524378546790e+002
4.29866234708228e+001	5.24498565046317e+001	1.19585426561681e+002
4.64158883361278e+001	5.19377748294726e+001	1.17719472712358e+002
5.01187233627272e+001	5.14082248605693e+001	1.15931104100465e+002
5.41169526546464e+001	5.08627130486792e+001	1.14223477306993e+002
5.84341413373518e+001	5.03027227819660e+001	1.12598427461900e+002
6.30957344480193e+001	4.97296869363804e+001	1.11056606674948e+002
6.81292069057961e+001	4.91449670763469e+001	1.09597638835105e+002
7.35642254459641e+001	4.85498389101855e+001	1.08220279626519e+002
7.94328234724281e+001	4.79454832859613e+001	1.06922573092936e+002
8.57695898590894e+001	4.73329818517791e+001	1.05701998486338e+002
9.26118728128793e+001	4.67133164577546e+001	1.04555603363256e+002
1.00000000000000e+002	4.60873714135874e+001	1.03480120780594e+002
1.07977516232771e+002	4.54559378061966e+001	1.02472069896798e+002
1.16591440117983e+002	4.48197192001955e+001	1.01527840303859e+002
1.25892541179417e+002	4.41793381670770e+001	1.00643761156610e+002
1.35935639087853e+002	4.35353432105018e+001	9.98161565284188e+001
1.46779926762207e+002	4.28882157610338e+001	9.90413886549958e+001
1.58489319246111e+002	4.22383770061069e+001	9.83158907308861e+001
1.71132830416178e+002	4.15861943951110e+001	9.76361908755509e+001
1.84784979742229e+002	4.09319877184796e+001	9.69989287604831e+001
1.99526231496888e+002	4.02760347050615e+001	9.64008662097865e+001
2.15443469003188e+002	3.96185761148997e+001	9.58388929334251e+001
2.32630506715363e+002	3.89598203284890e+001	9.53100283712542e+001
2.51188643150958e+002	3.82999474495664e+001	9.48114204756980e+001
2.71227257933203e+002	3.76391129489166e+001	9.43403421148513e+001
2.92864456462524e+002	3.69774508828570e+001	9.38941856438227e+001
3.16227766016838e+002	3.63150767225801e+001	9.34704561031789e+001
3.41454887383360e+002	3.56520898315981e+001	9.30667633914441e+001
3.68694506451957e+002	3.49885756274533e+001	9.26808136923379e+001
3.98107170553497e+002	3.43246074620858e+001	9.23104003726693e+001
4.29866234708228e+002	3.36602482529073e+001	9.19533945096950e+001
4.64158883361278e+002	3.29955518938407e+001	9.16077351682364e+001
5.01187233627272e+002	3.23305644727611e+001	9.12714195121112e+001
5.41169526546464e+002	3.16653253190898e+001	9.09424928034653e+001
5.84341413373517e+002	3.09998665985408e+001	9.05895946232086e+001
6.30957344480193e+002	3.03342206005511e+001	9.02991672354696e+001
6.81292069057961e+002	2.96684073533924e+001	8.99810083662984e+001
7.35642254459641e+002	2.90024482159031e+001	8.96626979353764e+001
7.94328234724281e+002	2.83363598227921e+001	8.93423691670484e+001
8.57695898590894e+002	2.76701557745668e+001	8.90181417815624e+001
9.26118728128793e+002	2.70038469536881e+001	8.86881113218792e+001
1.00000000000000e+003	2.63374368133495e+001	8.82914509397633e+001
1.07977516232771e+003	2.56709414133790e+001	8.79439496073891e+001
1.16591440117983e+003	2.50043648274975e+001	8.76435639742831e+001
1.25892541179417e+003	2.43376940406338e+001	8.72115193611199e+001
1.35935639087853e+003	2.36709491036652e+001	8.68811706676094e+001
1.46779926762207e+003	2.30041129565673e+001	8.64735673678596e+001
1.58489319246111e+003	2.23371865919729e+001	8.60452006869628e+001
1.71132830416178e+003	2.16701638416390e+001	8.55935532917370e+001
1.84784979742229e+003	2.10030362504980e+001	8.51159721540111e+001
1.99526231496888e+003	2.03357928725173e+001	8.46096533925758e+001
2.15443469003188e+003	1.96684200063114e+001	8.40716263317603e+001
2.32630506715363e+003	1.90009008636902e+001	8.34987367176275e+001
2.51188643150958e+003	1.83332151625522e+001	8.28876290292175e+001
2.71227257933203e+003	1.76653186337583e+001	8.21169538398476e+001
2.92864456462524e+003	1.69972424279929e+001	8.15362181203752e+001
3.16227766016838e+003	1.63288924097198e+001	8.07880246244291e+001
3.41454887383360e+003	1.56602483145574e+001	7.99857900345112e+001
3.68694506451957e+003	1.49911849533678e+001	7.88893062520313e+001
3.98107170553497e+003	1.43218800209475e+001	7.82002200493923e+001
4.29866234708228e+003	1.36520347117516e+001	7.72065490827226e+001
4.64158883361278e+003	1.29816500440652e+001	7.61381152324971e+001
5.01187233627272e+003	1.23106359022013e+001	7.49887885779653e+001
5.41169526546464e+003	1.16388865031897e+001	7.37520063845251e+001
5.84341413373518e+003	1.09662776288193e+001	7.24207461017841e+001
6.30957344480193e+003	1.02926633360688e+001	7.09874988025303e+001
6.81292069057961e+003	9.61787204339726e+000	6.94442437744649e+001
7.35642254459641e+003	8.94170186992999e+000	6.77824252298768e+001
7.94328234724281e+003	8.26391508135833e+000	6.59929324257977e+001
8.57695898590894e+003	7.58423147009479e+000	6.40660849113739e+001
9.26118728128794e+003	6.90232046948840e+000	6.19916251674451e+001
1.00000000000000e+004	6.21747549057206e+000	5.92876658725325e+001
1.07977516232771e+004	5.52986628353465e+000	5.68849352027036e+001
1.16591440117983e+004	4.83895264139028e+000	5.47715086698636e+001
1.25892541179417e+004	4.14345250981513e+000	5.19929227651453e+001
1.35935639087853e+004	3.44292206990332e+000	4.90074971487443e+001
1.46779926762207e+004	2.73522417417003e+000	4.48603019897810e+001
1.58489319246111e+004	2.02301248294967e+000	4.23642733288921e+001
1.71132830416178e+004	1.30132879526740e+000	3.86807335224849e+001
1.84784979742229e+004	5.69955460192780e-001	3.47394803240043e+001
1.99526231496888e+004	-1.72798187531256e-001	3.05293626049659e+001
2.15443469003188e+004	-9.30137716948278e-001	2.50989786837100e+001
2.32630506715363e+004	-1.70050104883588e+000	2.12665425677234e+001
2.51188643150958e+004	-2.49014726804321e+000	1.62023221114485e+001
2.71227257933203e+004	-3.30054431886514e+000	1.08479109105623e+001
2.92864456462524e+004	-4.13461347566841e+000	5.20800934483124e+000
3.16227766016838e+004	-4.99538441081290e+000	-7.06791993970834e-001
3.41454887383360e+004	-5.88586993161826e+000	-6.87919166203506e+000
3.68694506451958e+004	-6.80890284888521e+000	-1.32846196924586e+001
3.98107170553497e+004	-7.76694446099242e+000	-1.98910894445815e+001
4.29866234708228e+004	-8.76188335846224e+000	-2.66595848548412e+001
4.64158883361278e+004	-9.79485115983830e+000	-3.35450506391982e+001
5.01187233627272e+004	-1.08660851845931e+001	-4.04979614754667e+001
5.41169526546464e+004	-1.19748643959065e+001	-4.74663407258171e+001
5.84341413373518e+004	-1.31195337980542e+001	-5.43980097073525e+001
6.30957344480193e+004	-1.42976163647574e+001	-6.12428038451553e+001
6.81292069057961e+004	-1.55059952316727e+001	-6.79545069082217e+001
7.35642254459641e+004	-1.67411372452977e+001	-7.44923221700962e+001
7.94328234724282e+004	-1.79993250149495e+001	-8.08217953852575e+001
8.57695898590894e+004	-1.92768683620658e+001	-8.69151990294997e+001
9.26118728128793e+004	-2.05702750186707e+001	-9.27514574657063e+001
1.00000000000000e+005	-2.18763711257278e+001	-9.83157292190309e+001
1.07977516232771e+005	-2.31923715578114e+001	-1.03598768431974e+002
1.16591440117983e+005	-2.45159066890147e+001	-1.08596172746969e+002
1.25892541179417e+005	-2.58450155779303e+001	-1.13307600309924e+002
1.35935639087853e+005	-2.71781162362863e+001	-1.17736012740694e+002
1.46779926762207e+005	-2.85139625686920e+001	-1.21886978610762e+002
1.58489319246111e+005	-2.99261956070161e+001	-1.33252954903869e+002
1.71132830416178e+005	-3.11902945776084e+001	-1.29388253064179e+002
1.84784979742229e+005	-3.25295311000593e+001	-1.32757585910712e+002
1.99526231496888e+005	-3.38689287848949e+001	-1.35886693281443e+002
2.15443469003188e+005	-3.54985766848252e+001	-1.53508939356768e+002
2.32630506715363e+005	-3.65472606613018e+001	-1.41468143578223e+002
2.51188643150958e+005	-3.81762126554972e+001	-1.58664905161851e+002
2.71227257933203e+005	-3.92241521336627e+001	-1.46220033221997e+002
2.92864456462524e+005	-4.05619326053391e+001	-1.48311199103138e+002
3.16227766016838e+005	-4.18992625391712e+001	-1.50225699630750e+002
3.41454887383360e+005	-4.32361576324743e+001	-1.51972767180165e+002
3.68694506451958e+005	-4.45726429460887e+001	-1.53561051200048e+002
3.98107170553497e+005	-4.59087487135251e+001	-1.54998589064105e+002
4.29866234708228e+005	-4.83039937271798e+001	1.75984178612622e+002
4.64158883361278e+005	-4.85799516051744e+001	-1.57450416736718e+002
5.01187233627272e+005	-4.99151128359192e+001	-1.58477599882079e+002
5.41169526546464e+005	-5.12500205014119e+001	-1.59379820686165e+002
5.84341413373517e+005	-5.25847014381160e+001	-1.60161922884759e+002
6.30957344480193e+005	-5.39191795759709e+001	-1.60828114819331e+002
6.81292069057961e+005	-5.52534757456331e+001	-1.61381973118082e+002
7.35642254459641e+005	-5.65876075381057e+001	-1.61826445124114e+002
7.94328234724281e+005	-5.79215891494839e+001	-1.62163849145840e+002
8.57695898590894e+005	-5.92554311452138e+001	-1.62395871673253e+002
9.26118728128793e+005	-6.05891400736661e+001	-1.62523560739563e+002
1.00000000000000e+006	-6.51549803817307e+001	1.51026753674840e+002
