time	V(vo)	V(vregp)	I(Rl)
0.000000000000000e+000	1.834155e-025	0.000000e+000	3.668310e-027
1.000000000000000e-003	-7.778897e-023	0.000000e+000	-1.555780e-024
1.000002025000007e-003	1.068368e-003	9.499710e+000	2.136737e-005
1.000002025123603e-003	1.068434e-003	9.500000e+000	2.136867e-005
1.000002025370795e-003	1.068564e-003	9.500000e+000	2.137128e-005
1.000002025865180e-003	1.068824e-003	9.500000e+000	2.137648e-005
1.000002026853950e-003	1.069344e-003	9.500000e+000	2.138688e-005
1.000002028831489e-003	1.070379e-003	9.500000e+000	2.140757e-005
1.000002032786567e-003	1.072435e-003	9.500000e+000	2.144869e-005
1.000002037861235e-003	1.075050e-003	9.500000e+000	2.150099e-005
1.000002043068710e-003	1.077704e-003	9.500000e+000	2.155408e-005
1.000002049318214e-003	1.080847e-003	9.500000e+000	2.161695e-005
1.000002058244515e-003	1.085272e-003	9.500000e+000	2.170544e-005
1.000002066419588e-003	1.089257e-003	9.500000e+000	2.178514e-005
1.000002076386589e-003	1.094024e-003	9.500000e+000	2.188048e-005
1.000002087332699e-003	1.099151e-003	9.500000e+000	2.198303e-005
1.000002100651492e-003	1.105240e-003	9.500000e+000	2.210480e-005
1.000002116024622e-003	1.112066e-003	9.500000e+000	2.224132e-005
1.000002135988731e-003	1.120617e-003	9.500000e+000	2.241234e-005
1.000002161076872e-003	1.130870e-003	9.500000e+000	2.261741e-005
1.000002197153359e-003	1.144687e-003	9.500000e+000	2.289375e-005
1.000002250218033e-003	1.163062e-003	9.500000e+000	2.326124e-005
1.000002348732046e-003	1.191746e-003	9.500000e+000	2.383492e-005
1.000002545760070e-003	1.236568e-003	9.500000e+000	2.473135e-005
1.000002751714900e-003	1.271058e-003	9.500000e+000	2.542115e-005
1.000002955340654e-003	1.295343e-003	9.500000e+000	2.590685e-005
1.000003171192867e-003	1.314513e-003	9.500000e+000	2.629025e-005
1.000003399455962e-003	1.330554e-003	9.500000e+000	2.661109e-005
1.000003635460461e-003	1.344488e-003	9.500000e+000	2.688975e-005
1.000003885160698e-003	1.357566e-003	9.500000e+000	2.715131e-005
1.000004179234484e-003	1.371841e-003	9.500000e+000	2.743682e-005
1.000004512630172e-003	1.387311e-003	9.500000e+000	2.774622e-005
1.000004953181149e-003	1.407253e-003	9.500000e+000	2.814507e-005
1.000005482712475e-003	1.430949e-003	9.500000e+000	2.861898e-005
1.000006296245008e-003	1.467180e-003	9.500000e+000	2.934361e-005
1.000007131336223e-003	1.504313e-003	9.500000e+000	3.008627e-005
1.000007839520624e-003	1.535780e-003	9.500000e+000	3.071559e-005
1.000008555775051e-003	1.567588e-003	9.500000e+000	3.135176e-005
1.000009331054878e-003	1.602001e-003	9.500000e+000	3.204002e-005
1.000010338890734e-003	1.646713e-003	9.500000e+000	3.293427e-005
1.000011395141978e-003	1.693547e-003	9.500000e+000	3.387095e-005
1.000012633245735e-003	1.748410e-003	9.500000e+000	3.496819e-005
1.000013878268475e-003	1.803539e-003	9.500000e+000	3.607077e-005
1.000015270240169e-003	1.865127e-003	9.500000e+000	3.730254e-005
1.000016690162536e-003	1.927903e-003	9.500000e+000	3.855805e-005
1.000018723730222e-003	2.017742e-003	9.500000e+000	4.035483e-005
1.000021368941741e-003	2.134529e-003	9.500000e+000	4.269058e-005
1.000023434201090e-003	2.225652e-003	9.500000e+000	4.451304e-005
1.000025935073151e-003	2.335915e-003	9.500000e+000	4.671831e-005
1.000028399675265e-003	2.444489e-003	9.500000e+000	4.888978e-005
1.000031583237905e-003	2.584590e-003	9.500000e+000	5.169181e-005
1.000035380344375e-003	2.751491e-003	9.500000e+000	5.502983e-005
1.000039445014019e-003	2.929897e-003	9.500000e+000	5.859794e-005
1.000044138640216e-003	3.135557e-003	9.500000e+000	6.271114e-005
1.000050129352685e-003	3.397486e-003	9.500000e+000	6.794972e-005
1.000058684310260e-003	3.770404e-003	9.500000e+000	7.540807e-005
1.000071980859903e-003	4.347244e-003	9.500000e+000	8.694489e-005
1.000095775021605e-003	5.370641e-003	9.500000e+000	1.074128e-004
1.000143363345010e-003	7.392058e-003	9.500000e+000	1.478412e-004
1.000193525822862e-003	9.486212e-003	9.500000e+000	1.897242e-004
1.000259325160044e-003	1.217386e-002	9.500000e+000	2.434771e-004
1.000331325537675e-003	1.503470e-002	9.500000e+000	3.006939e-004
1.000442237229310e-003	1.928382e-002	9.500000e+000	3.856764e-004
1.000588629544546e-003	2.459417e-002	9.500000e+000	4.918833e-004
1.000856940316374e-003	3.344274e-002	9.500000e+000	6.688548e-004
1.001393561860031e-003	4.872122e-002	9.500000e+000	9.744243e-004
1.002085331208852e-003	6.478833e-002	9.500000e+000	1.295767e-003
1.002828454363852e-003	7.808015e-002	9.500000e+000	1.561603e-003
1.003639300528171e-003	8.898449e-002	9.500000e+000	1.779690e-003
1.004289530168540e-003	9.569394e-002	9.500000e+000	1.913879e-003
1.004627703955937e-003	9.846731e-002	9.500000e+000	1.969346e-003
1.004945847992960e-003	1.006461e-001	9.500000e+000	2.012921e-003
1.005279871061243e-003	1.025997e-001	9.500000e+000	2.051994e-003
1.005755492752824e-003	1.048667e-001	9.500000e+000	2.097334e-003
1.006525738625240e-003	1.076231e-001	9.500000e+000	2.152462e-003
1.007525738625240e-003	1.100329e-001	9.500000e+000	2.200658e-003
1.008525738625240e-003	1.114326e-001	9.500000e+000	2.228651e-003
1.009525738625240e-003	1.120780e-001	9.500000e+000	2.241561e-003
1.010525738625240e-003	1.122185e-001	9.500000e+000	2.244369e-003
1.011525738625239e-003	1.120244e-001	9.500000e+000	2.240487e-003
1.012525738625239e-003	1.116185e-001	9.500000e+000	2.232371e-003
1.013525738625239e-003	1.111076e-001	9.500000e+000	2.222152e-003
1.014122624550793e-003	1.107986e-001	9.500000e+000	2.215972e-003
1.014443395256451e-003	1.106657e-001	9.500000e+000	2.213313e-003
1.014796756205905e-003	1.106128e-001	9.500000e+000	2.212256e-003
1.015224371293548e-003	1.107853e-001	9.500000e+000	2.215707e-003
1.015665231221208e-003	1.115727e-001	9.500000e+000	2.231454e-003
1.016380172352660e-003	1.142857e-001	9.500000e+000	2.285715e-003
1.016777452177305e-003	1.167790e-001	9.500000e+000	2.335579e-003
1.017114750972917e-003	1.198243e-001	9.500000e+000	2.396486e-003
1.017533197405988e-003	1.246174e-001	9.500000e+000	2.492348e-003
1.017950535813905e-003	1.305127e-001	9.500000e+000	2.610254e-003
1.018590869973715e-003	1.416784e-001	9.500000e+000	2.833568e-003
1.019590869973715e-003	1.627417e-001	9.500000e+000	3.254834e-003
1.020590869973715e-003	1.875455e-001	9.500000e+000	3.750910e-003
1.021590869973715e-003	2.158187e-001	9.500000e+000	4.316374e-003
1.022590869973715e-003	2.469258e-001	9.500000e+000	4.938517e-003
1.023590869973715e-003	2.801583e-001	9.500000e+000	5.603167e-003
1.024147226732093e-003	2.994713e-001	9.500000e+000	5.989426e-003
1.024819211698348e-003	3.237121e-001	9.500000e+000	6.474242e-003
1.025678849920494e-003	3.557517e-001	9.500000e+000	7.115033e-003
1.026402157922835e-003	3.834801e-001	9.500000e+000	7.669603e-003
1.027402157922835e-003	4.226236e-001	9.500000e+000	8.452472e-003
1.028402157922835e-003	4.625777e-001	9.500000e+000	9.251554e-003
1.029402157922835e-003	5.032576e-001	9.500000e+000	1.006515e-002
1.030402157922835e-003	5.445273e-001	9.500000e+000	1.089055e-002
1.031402157922835e-003	5.862755e-001	9.500000e+000	1.172551e-002
1.033402157922834e-003	6.708410e-001	9.500000e+000	1.341682e-002
1.035148384259658e-003	7.458031e-001	9.500000e+000	1.491606e-002
1.036894610596482e-003	8.209896e-001	9.500000e+000	1.641979e-002
1.038640836933306e-003	8.964005e-001	9.500000e+000	1.792801e-002
1.040387063270130e-003	9.720358e-001	9.500000e+000	1.944072e-002
1.042133289606953e-003	1.047896e+000	9.500000e+000	2.095791e-002
1.043879515943777e-003	1.123980e+000	9.500000e+000	2.247959e-002
1.045625742280601e-003	1.200288e+000	9.500000e+000	2.400576e-002
1.048618424238708e-003	1.330796e+000	9.500000e+000	2.661591e-002
1.051611106196815e-003	1.461254e+000	9.500000e+000	2.922508e-002
1.054603788154922e-003	1.591664e+000	9.500000e+000	3.183327e-002
1.057596470113029e-003	1.722024e+000	9.500000e+000	3.444048e-002
1.060589152071136e-003	1.852335e+000	9.500000e+000	3.704671e-002
1.063581834029243e-003	1.982598e+000	9.500000e+000	3.965196e-002
1.066574515987350e-003	2.112811e+000	9.500000e+000	4.225622e-002
1.070823261750196e-003	2.297558e+000	9.500000e+000	4.595117e-002
1.075072007513042e-003	2.482218e+000	9.500000e+000	4.964436e-002
1.079320753275888e-003	2.666790e+000	9.500000e+000	5.333580e-002
1.083569499038735e-003	2.851275e+000	9.500000e+000	5.702549e-002
1.087818244801581e-003	3.035671e+000	9.500000e+000	6.071343e-002
1.092066990564427e-003	3.219981e+000	9.500000e+000	6.439962e-002
1.096315736327273e-003	3.404203e+000	9.500000e+000	6.808405e-002
1.097633559744190e-003	3.461327e+000	9.500000e+000	6.922655e-002
1.098951383161107e-003	3.518444e+000	9.500000e+000	7.036889e-002
1.100269206578023e-003	3.575553e+000	9.500000e+000	7.151107e-002
1.101587029994940e-003	3.632654e+000	9.500000e+000	7.265308e-002
1.102904853411857e-003	3.689747e+000	9.500000e+000	7.379494e-002
1.104222676828773e-003	3.746832e+000	9.500000e+000	7.493664e-002
1.105540500245690e-003	3.803909e+000	9.500000e+000	7.607818e-002
1.106178476932482e-003	3.831537e+000	9.500000e+000	7.663074e-002
1.107178476932482e-003	3.874839e+000	9.500000e+000	7.749678e-002
1.108178476932481e-003	3.918136e+000	9.500000e+000	7.836273e-002
1.109178476932481e-003	3.961428e+000	9.500000e+000	7.922857e-002
1.110178476932481e-003	4.004714e+000	9.500000e+000	8.009429e-002
1.111178476932481e-003	4.047992e+000	9.500000e+000	8.095984e-002
1.112178476932481e-003	4.091259e+000	9.500000e+000	8.182517e-002
1.113178476932481e-003	4.134508e+000	9.500000e+000	8.269016e-002
1.113988943718392e-003	4.169542e+000	9.500000e+000	8.339083e-002
1.114343235815051e-003	4.184847e+000	9.500000e+000	8.369694e-002
1.114675793848384e-003	4.199204e+000	9.500000e+000	8.398408e-002
1.114995437570637e-003	4.212994e+000	9.500000e+000	8.425989e-002
1.115298304228569e-003	4.226048e+000	9.500000e+000	8.452095e-002
1.115785460072592e-003	4.247000e+000	9.500000e+000	8.494000e-002
1.116573985997890e-003	4.280753e+000	9.500000e+000	8.561505e-002
1.117573985997890e-003	4.323102e+000	9.500000e+000	8.646204e-002
1.118573985997890e-003	4.364514e+000	9.500000e+000	8.729029e-002
1.119573985997890e-003	4.404227e+000	9.500000e+000	8.808453e-002
1.120573985997890e-003	4.441267e+000	9.500000e+000	8.882533e-002
1.121573985997890e-003	4.474645e+000	9.500000e+000	8.949289e-002
1.122573985997890e-003	4.503652e+000	9.500000e+000	9.007303e-002
1.123573985997890e-003	4.528520e+000	9.500000e+000	9.057039e-002
1.124140860107243e-003	4.540749e+000	9.500000e+000	9.081496e-002
1.124457106204007e-003	4.546813e+000	9.500000e+000	9.093625e-002
1.124813395103683e-003	4.553081e+000	9.500000e+000	9.106161e-002
1.125230575271545e-003	4.559879e+000	9.500000e+000	9.119758e-002
1.125675323323554e-003	4.566510e+000	9.500000e+000	9.133021e-002
1.126396465440629e-003	4.576232e+000	9.500000e+000	9.152464e-002
1.127396465440629e-003	4.588517e+000	9.500000e+000	9.177034e-002
1.128396465440629e-003	4.600041e+000	9.500000e+000	9.200083e-002
1.129396465440629e-003	4.611382e+000	9.500000e+000	9.222765e-002
1.130396465440628e-003	4.623031e+000	9.500000e+000	9.246062e-002
1.131396465440628e-003	4.635237e+000	9.500000e+000	9.270474e-002
1.132396465440628e-003	4.648047e+000	9.500000e+000	9.296094e-002
1.133396465440628e-003	4.661332e+000	9.500000e+000	9.322663e-002
1.134073409330468e-003	4.670516e+000	9.500000e+000	9.341031e-002
1.134752011304900e-003	4.679811e+000	9.500000e+000	9.359621e-002
1.135638059746192e-003	4.691860e+000	9.500000e+000	9.383721e-002
1.136336285094324e-003	4.701128e+000	9.500000e+000	9.402255e-002
1.137336285094324e-003	4.713964e+000	9.500000e+000	9.427929e-002
1.138336285094324e-003	4.726174e+000	9.500000e+000	9.452349e-002
1.139336285094324e-003	4.737618e+000	9.500000e+000	9.475236e-002
1.140336285094324e-003	4.748262e+000	9.500000e+000	9.496523e-002
1.141336285094324e-003	4.758134e+000	9.500000e+000	9.516267e-002
1.142336285094324e-003	4.767311e+000	9.500000e+000	9.534622e-002
1.143336285094323e-003	4.775929e+000	9.500000e+000	9.551858e-002
1.144389122981266e-003	4.784501e+000	9.500000e+000	9.569002e-002
1.145199846259111e-003	4.790762e+000	9.500000e+000	9.581525e-002
1.145625330890388e-003	4.793972e+000	9.500000e+000	9.587943e-002
1.146315715442045e-003	4.799076e+000	9.500000e+000	9.598151e-002
1.147315715442045e-003	4.806317e+000	9.500000e+000	9.612633e-002
1.148315715442045e-003	4.813399e+000	9.500000e+000	9.626799e-002
1.149315715442045e-003	4.820321e+000	9.500000e+000	9.640642e-002
1.150315715442045e-003	4.827076e+000	9.500000e+000	9.654153e-002
1.152315715442045e-003	4.840022e+000	9.500000e+000	9.680043e-002
1.153315715442045e-003	4.846183e+000	9.500000e+000	9.692367e-002
1.154383180955591e-003	4.852514e+000	9.500000e+000	9.705028e-002
1.155540485603291e-003	4.858997e+000	9.500000e+000	9.717994e-002
1.156178453222303e-003	4.862402e+000	9.500000e+000	9.724806e-002
1.157178453222303e-003	4.867551e+000	9.500000e+000	9.735102e-002
1.158178453222303e-003	4.872481e+000	9.500000e+000	9.744963e-002
1.160178453222303e-003	4.881682e+000	9.500000e+000	9.763364e-002
1.162178453222302e-003	4.890122e+000	9.500000e+000	9.780245e-002
1.163092098306161e-003	4.893763e+000	9.500000e+000	9.787527e-002
1.164005743390019e-003	4.897289e+000	9.500000e+000	9.794578e-002
1.164919388473877e-003	4.900699e+000	9.500000e+000	9.801398e-002
1.165833033557735e-003	4.903993e+000	9.500000e+000	9.807987e-002
1.166746678641593e-003	4.907172e+000	9.500000e+000	9.814345e-002
1.167660323725451e-003	4.910236e+000	9.500000e+000	9.820472e-002
1.168573968809310e-003	4.913184e+000	9.500000e+000	9.826368e-002
1.170573968809310e-003	4.919320e+000	9.500000e+000	9.838640e-002
1.172573968809309e-003	4.924975e+000	9.500000e+000	9.849951e-002
1.173548610356999e-003	4.927564e+000	9.500000e+000	9.855128e-002
1.174523251904689e-003	4.930056e+000	9.500000e+000	9.860113e-002
1.175497893452378e-003	4.932454e+000	9.500000e+000	9.864908e-002
1.176472535000068e-003	4.934756e+000	9.500000e+000	9.869512e-002
1.177447176547758e-003	4.936962e+000	9.500000e+000	9.873925e-002
1.178421818095448e-003	4.939073e+000	9.500000e+000	9.878146e-002
1.179396459643137e-003	4.941089e+000	9.500000e+000	9.882177e-002
1.182396459643137e-003	4.946887e+000	9.500000e+000	9.893775e-002
1.184384924660501e-003	4.950331e+000	9.500000e+000	9.900662e-002
1.186373389677864e-003	4.953552e+000	9.500000e+000	9.907104e-002
1.188361854695228e-003	4.956550e+000	9.500000e+000	9.913100e-002
1.190350319712591e-003	4.959326e+000	9.500000e+000	9.918651e-002
1.192338784729955e-003	4.961879e+000	9.500000e+000	9.923757e-002
1.194327249747318e-003	4.964209e+000	9.500000e+000	9.928418e-002
1.196315714764682e-003	4.966316e+000	9.500000e+000	9.932633e-002
1.199315714764681e-003	4.969254e+000	9.500000e+000	9.938510e-002
1.202315714764681e-003	4.971863e+000	9.500000e+000	9.943727e-002
1.204495465262846e-003	4.973546e+000	9.500000e+000	9.947091e-002
1.206675215761011e-003	4.975111e+000	9.500000e+000	9.950223e-002
1.208854966259177e-003	4.976561e+000	9.500000e+000	9.953122e-002
1.211034716757342e-003	4.977894e+000	9.500000e+000	9.955788e-002
1.213214467255507e-003	4.979111e+000	9.500000e+000	9.958221e-002
1.215394217753672e-003	4.980211e+000	9.500000e+000	9.960421e-002
1.217573968251838e-003	4.981194e+000	9.500000e+000	9.962388e-002
1.220573968251837e-003	4.982447e+000	9.500000e+000	9.964893e-002
1.222664496907894e-003	4.983224e+000	9.500000e+000	9.966449e-002
1.224755025563951e-003	4.983950e+000	9.500000e+000	9.967900e-002
1.226845554220007e-003	4.984623e+000	9.500000e+000	9.969246e-002
1.228936082876064e-003	4.985244e+000	9.500000e+000	9.970488e-002
1.231026611532120e-003	4.985813e+000	9.500000e+000	9.971626e-002
1.233117140188177e-003	4.986329e+000	9.500000e+000	9.972659e-002
1.235207668844233e-003	4.986794e+000	9.500000e+000	9.973587e-002
1.237508818258302e-003	4.987264e+000	9.500000e+000	9.974528e-002
1.239809967672370e-003	4.987700e+000	9.500000e+000	9.975401e-002
1.242111117086439e-003	4.988103e+000	9.500000e+000	9.976207e-002
1.244412266500507e-003	4.988473e+000	9.500000e+000	9.976945e-002
1.246713415914576e-003	4.988808e+000	9.500000e+000	9.977617e-002
1.249014565328644e-003	4.989110e+000	9.500000e+000	9.978220e-002
1.251315714742713e-003	4.989378e+000	9.500000e+000	9.978757e-002
1.253495465241433e-003	4.989613e+000	9.500000e+000	9.979227e-002
1.255675215740154e-003	4.989832e+000	9.500000e+000	9.979664e-002
1.257854966238874e-003	4.990034e+000	9.500000e+000	9.980069e-002
1.260034716737595e-003	4.990220e+000	9.500000e+000	9.980441e-002
1.262214467236316e-003	4.990390e+000	9.500000e+000	9.980781e-002
1.264394217735036e-003	4.990544e+000	9.500000e+000	9.981087e-002
1.266573968233757e-003	4.990681e+000	9.500000e+000	9.981362e-002
1.269573968233757e-003	4.990856e+000	9.500000e+000	9.981711e-002
1.272573968233757e-003	4.991011e+000	9.500000e+000	9.982021e-002
1.274825727493389e-003	4.991113e+000	9.500000e+000	9.982227e-002
1.277077486753022e-003	4.991209e+000	9.500000e+000	9.982418e-002
1.279329246012654e-003	4.991297e+000	9.500000e+000	9.982595e-002
1.281581005272287e-003	4.991378e+000	9.500000e+000	9.982757e-002
1.283832764531919e-003	4.991452e+000	9.500000e+000	9.982904e-002
1.286084523791551e-003	4.991519e+000	9.500000e+000	9.983037e-002
1.288336283051184e-003	4.991578e+000	9.500000e+000	9.983156e-002
1.291336283051184e-003	4.991651e+000	9.500000e+000	9.983301e-002
1.293456592962096e-003	4.991697e+000	9.500000e+000	9.983393e-002
1.295576902873008e-003	4.991740e+000	9.500000e+000	9.983479e-002
1.297697212783920e-003	4.991779e+000	9.500000e+000	9.983558e-002
1.299817522694832e-003	4.991816e+000	9.500000e+000	9.983631e-002
1.301937832605744e-003	4.991849e+000	9.500000e+000	9.983698e-002
1.304058142516656e-003	4.991880e+000	9.500000e+000	9.983759e-002
1.306178452427568e-003	4.991907e+000	9.500000e+000	9.983813e-002
1.309178452427568e-003	4.991942e+000	9.500000e+000	9.983884e-002
1.312178452427567e-003	4.991973e+000	9.500000e+000	9.983947e-002
1.314495310573460e-003	4.991995e+000	9.500000e+000	9.983990e-002
1.316812168719352e-003	4.992015e+000	9.500000e+000	9.984030e-002
1.319129026865244e-003	4.992033e+000	9.500000e+000	9.984067e-002
1.321445885011136e-003	4.992050e+000	9.500000e+000	9.984101e-002
1.323762743157028e-003	4.992066e+000	9.500000e+000	9.984131e-002
1.326079601302920e-003	4.992079e+000	9.500000e+000	9.984159e-002
1.328396459448813e-003	4.992092e+000	9.500000e+000	9.984183e-002
1.331396459448812e-003	4.992106e+000	9.500000e+000	9.984212e-002
1.333252554154921e-003	4.992114e+000	9.500000e+000	9.984228e-002
1.335108648861030e-003	4.992122e+000	9.500000e+000	9.984244e-002
1.336964743567139e-003	4.992129e+000	9.500000e+000	9.984258e-002
1.338820838273248e-003	4.992135e+000	9.500000e+000	9.984271e-002
1.340676932979357e-003	4.992142e+000	9.500000e+000	9.984283e-002
1.342533027685466e-003	4.992147e+000	9.500000e+000	9.984294e-002
1.344389122391575e-003	4.992152e+000	9.500000e+000	9.984305e-002
1.346787598110999e-003	4.992158e+000	9.500000e+000	9.984317e-002
1.349186073830423e-003	4.992164e+000	9.500000e+000	9.984328e-002
1.351584549549846e-003	4.992169e+000	9.500000e+000	9.984338e-002
1.353983025269270e-003	4.992174e+000	9.500000e+000	9.984347e-002
1.356381500988694e-003	4.992178e+000	9.500000e+000	9.984356e-002
1.358779976708118e-003	4.992182e+000	9.500000e+000	9.984364e-002
1.361178452427542e-003	4.992186e+000	9.500000e+000	9.984371e-002
1.363249433453847e-003	4.992188e+000	9.500000e+000	9.984376e-002
1.365320414480152e-003	4.992191e+000	9.500000e+000	9.984381e-002
1.367391395506458e-003	4.992193e+000	9.500000e+000	9.984386e-002
1.369462376532763e-003	4.992195e+000	9.500000e+000	9.984390e-002
1.371533357559069e-003	4.992197e+000	9.500000e+000	9.984394e-002
1.373604338585374e-003	4.992199e+000	9.500000e+000	9.984398e-002
1.375675319611679e-003	4.992200e+000	9.500000e+000	9.984401e-002
1.376922623333838e-003	4.992201e+000	9.500000e+000	9.984403e-002
1.378169927055996e-003	4.992202e+000	9.500000e+000	9.984404e-002
1.379417230778154e-003	4.992203e+000	9.500000e+000	9.984406e-002
1.380664534500312e-003	4.992204e+000	9.500000e+000	9.984408e-002
1.381911838222470e-003	4.992205e+000	9.500000e+000	9.984409e-002
1.383159141944628e-003	4.992206e+000	9.500000e+000	9.984411e-002
1.384406445666786e-003	4.992206e+000	9.500000e+000	9.984413e-002
1.385832542341756e-003	4.992207e+000	9.500000e+000	9.984414e-002
1.387258639016726e-003	4.992207e+000	9.500000e+000	9.984415e-002
1.388684735691696e-003	4.992208e+000	9.500000e+000	9.984417e-002
1.390110832366665e-003	4.992209e+000	9.500000e+000	9.984418e-002
1.391536929041635e-003	4.992210e+000	9.500000e+000	9.984419e-002
1.392963025716605e-003	4.992210e+000	9.500000e+000	9.984420e-002
1.394389122391574e-003	4.992211e+000	9.500000e+000	9.984422e-002
1.396930455253856e-003	4.992212e+000	9.500000e+000	9.984423e-002
1.399471788116136e-003	4.992212e+000	9.500000e+000	9.984425e-002
1.402013120978418e-003	4.992213e+000	9.500000e+000	9.984426e-002
1.404554453840699e-003	4.992214e+000	9.500000e+000	9.984428e-002
1.407095786702980e-003	4.992214e+000	9.500000e+000	9.984429e-002
1.409637119565261e-003	4.992215e+000	9.500000e+000	9.984430e-002
1.412178452427542e-003	4.992215e+000	9.500000e+000	9.984431e-002
1.414209596287723e-003	4.992216e+000	9.500000e+000	9.984431e-002
1.416240740147903e-003	4.992216e+000	9.500000e+000	9.984432e-002
1.418271884008084e-003	4.992216e+000	9.500000e+000	9.984433e-002
1.420303027868265e-003	4.992217e+000	9.500000e+000	9.984433e-002
1.422334171728445e-003	4.992217e+000	9.500000e+000	9.984434e-002
1.424365315588626e-003	4.992217e+000	9.500000e+000	9.984434e-002
1.426396459448807e-003	4.992217e+000	9.500000e+000	9.984434e-002
1.428966839869202e-003	4.992217e+000	9.500000e+000	9.984435e-002
1.431537220289597e-003	4.992218e+000	9.500000e+000	9.984435e-002
1.434107600709993e-003	4.992218e+000	9.500000e+000	9.984436e-002
1.436677981130388e-003	4.992218e+000	9.500000e+000	9.984436e-002
1.439248361550783e-003	4.992218e+000	9.500000e+000	9.984437e-002
1.441818741971179e-003	4.992218e+000	9.500000e+000	9.984437e-002
1.444389122391574e-003	4.992218e+000	9.500000e+000	9.984437e-002
1.447189095492834e-003	4.992219e+000	9.500000e+000	9.984438e-002
1.449989068594093e-003	4.992219e+000	9.500000e+000	9.984438e-002
1.452789041695353e-003	4.992219e+000	9.500000e+000	9.984438e-002
1.455589014796613e-003	4.992219e+000	9.500000e+000	9.984438e-002
1.458388987897872e-003	4.992219e+000	9.500000e+000	9.984438e-002
1.461188960999132e-003	4.992219e+000	9.500000e+000	9.984438e-002
1.463988934100391e-003	4.992219e+000	9.500000e+000	9.984438e-002
1.465215367547929e-003	4.992219e+000	9.500000e+000	9.984438e-002
1.466441800995466e-003	4.992219e+000	9.500000e+000	9.984439e-002
1.467668234443003e-003	4.992219e+000	9.500000e+000	9.984439e-002
1.468894667890540e-003	4.992219e+000	9.500000e+000	9.984439e-002
1.470121101338078e-003	4.992220e+000	9.500000e+000	9.984439e-002
1.471347534785615e-003	4.992219e+000	9.500000e+000	9.984439e-002
1.472573968233152e-003	4.992219e+000	9.500000e+000	9.984439e-002
1.474313688374759e-003	4.992219e+000	9.500000e+000	9.984439e-002
1.476053408516367e-003	4.992219e+000	9.500000e+000	9.984439e-002
1.477793128657974e-003	4.992219e+000	9.500000e+000	9.984439e-002
1.479532848799581e-003	4.992219e+000	9.500000e+000	9.984439e-002
1.481272568941188e-003	4.992219e+000	9.500000e+000	9.984439e-002
1.483012289082795e-003	4.992219e+000	9.500000e+000	9.984439e-002
1.484752009224403e-003	4.992219e+000	9.500000e+000	9.984439e-002
1.486128739676856e-003	4.992219e+000	9.500000e+000	9.984439e-002
1.487505470129309e-003	4.992219e+000	9.500000e+000	9.984439e-002
1.488882200581762e-003	4.992219e+000	9.500000e+000	9.984439e-002
1.490258931034215e-003	4.992219e+000	9.500000e+000	9.984439e-002
1.491635661486668e-003	4.992219e+000	9.500000e+000	9.984439e-002
1.493012391939121e-003	4.992219e+000	9.500000e+000	9.984439e-002
1.494389122391574e-003	4.992219e+000	9.500000e+000	9.984439e-002
1.495664349870203e-003	4.992219e+000	9.500000e+000	9.984439e-002
1.496939577348832e-003	4.992219e+000	9.500000e+000	9.984439e-002
1.498214804827461e-003	4.992219e+000	9.500000e+000	9.984439e-002
1.499490032306089e-003	4.992219e+000	9.500000e+000	9.984439e-002
1.500765259784718e-003	4.992219e+000	9.500000e+000	9.984439e-002
1.502040487263347e-003	4.992219e+000	9.500000e+000	9.984439e-002
1.503315714741976e-003	4.992219e+000	9.500000e+000	9.984440e-002
1.504938581952091e-003	4.992219e+000	9.500000e+000	9.984440e-002
1.506561449162206e-003	4.992219e+000	9.500000e+000	9.984440e-002
1.508184316372320e-003	4.992219e+000	9.500000e+000	9.984440e-002
1.509807183582435e-003	4.992219e+000	9.500000e+000	9.984440e-002
1.511430050792550e-003	4.992219e+000	9.500000e+000	9.984440e-002
1.513052918002665e-003	4.992219e+000	9.500000e+000	9.984440e-002
1.514675785212780e-003	4.992219e+000	9.500000e+000	9.984440e-002
1.515804097072833e-003	4.992219e+000	9.500000e+000	9.984440e-002
1.516932408932886e-003	4.992219e+000	9.500000e+000	9.984440e-002
1.518060720792939e-003	4.992219e+000	9.500000e+000	9.984440e-002
1.519189032652992e-003	4.992219e+000	9.500000e+000	9.984440e-002
1.520317344513045e-003	4.992219e+000	9.500000e+000	9.984440e-002
1.521445656373098e-003	4.992219e+000	9.500000e+000	9.984440e-002
1.522573968233151e-003	4.992219e+000	9.500000e+000	9.984440e-002
1.524313688374759e-003	4.992220e+000	9.500000e+000	9.984440e-002
1.526053408516366e-003	4.992220e+000	9.500000e+000	9.984440e-002
1.527793128657973e-003	4.992220e+000	9.500000e+000	9.984440e-002
1.529532848799580e-003	4.992220e+000	9.500000e+000	9.984440e-002
1.531272568941188e-003	4.992220e+000	9.500000e+000	9.984440e-002
1.533012289082795e-003	4.992220e+000	9.500000e+000	9.984440e-002
1.534752009224402e-003	4.992220e+000	9.500000e+000	9.984440e-002
1.536244557334187e-003	4.992220e+000	9.500000e+000	9.984440e-002
1.537737105443972e-003	4.992220e+000	9.500000e+000	9.984440e-002
1.539229653553758e-003	4.992220e+000	9.500000e+000	9.984440e-002
1.540722201663543e-003	4.992220e+000	9.500000e+000	9.984440e-002
1.542214749773328e-003	4.992220e+000	9.500000e+000	9.984440e-002
1.543707297883113e-003	4.992220e+000	9.500000e+000	9.984440e-002
1.545199845992899e-003	4.992220e+000	9.500000e+000	9.984440e-002
1.547053932626419e-003	4.992220e+000	9.500000e+000	9.984440e-002
1.548908019259939e-003	4.992220e+000	9.500000e+000	9.984440e-002
1.550762105893460e-003	4.992220e+000	9.500000e+000	9.984440e-002
1.552616192526981e-003	4.992220e+000	9.500000e+000	9.984440e-002
1.554470279160501e-003	4.992220e+000	9.500000e+000	9.984440e-002
1.556324365794022e-003	4.992220e+000	9.500000e+000	9.984440e-002
1.558178452427542e-003	4.992220e+000	9.500000e+000	9.984440e-002
1.559520668971201e-003	4.992220e+000	9.500000e+000	9.984440e-002
1.560862885514859e-003	4.992220e+000	9.500000e+000	9.984440e-002
1.562205102058518e-003	4.992220e+000	9.500000e+000	9.984440e-002
1.563547318602176e-003	4.992220e+000	9.500000e+000	9.984440e-002
1.564889535145835e-003	4.992220e+000	9.500000e+000	9.984440e-002
1.566231751689493e-003	4.992220e+000	9.500000e+000	9.984440e-002
1.567573968233152e-003	4.992220e+000	9.500000e+000	9.984440e-002
1.568977181263960e-003	4.992220e+000	9.500000e+000	9.984440e-002
1.570380394294767e-003	4.992220e+000	9.500000e+000	9.984440e-002
1.571783607325575e-003	4.992220e+000	9.500000e+000	9.984440e-002
1.573186820356383e-003	4.992220e+000	9.500000e+000	9.984440e-002
1.574590033387191e-003	4.992220e+000	9.500000e+000	9.984440e-002
1.575993246417999e-003	4.992220e+000	9.500000e+000	9.984440e-002
1.577396459448807e-003	4.992220e+000	9.500000e+000	9.984440e-002
1.578959291391993e-003	4.992220e+000	9.500000e+000	9.984440e-002
1.580522123335180e-003	4.992220e+000	9.500000e+000	9.984440e-002
1.582084955278367e-003	4.992220e+000	9.500000e+000	9.984440e-002
1.583647787221554e-003	4.992220e+000	9.500000e+000	9.984440e-002
1.585210619164741e-003	4.992220e+000	9.500000e+000	9.984440e-002
1.586773451107928e-003	4.992220e+000	9.500000e+000	9.984440e-002
1.588336283051114e-003	4.992220e+000	9.500000e+000	9.984440e-002
1.590677372203546e-003	4.992220e+000	9.500000e+000	9.984440e-002
1.593018461355977e-003	4.992220e+000	9.500000e+000	9.984440e-002
1.595359550508408e-003	4.992220e+000	9.500000e+000	9.984440e-002
1.597700639660839e-003	4.992220e+000	9.500000e+000	9.984440e-002
1.600041728813270e-003	4.992220e+000	9.500000e+000	9.984440e-002
1.602382817965701e-003	4.992220e+000	9.500000e+000	9.984440e-002
1.604723907118132e-003	4.992220e+000	9.500000e+000	9.984440e-002
1.614995419300138e-003	4.992220e+000	9.500000e+000	9.984440e-002
1.616397986397562e-003	4.992220e+000	9.500000e+000	9.984440e-002
1.617800553494986e-003	4.992220e+000	9.500000e+000	9.984440e-002
1.619203120592410e-003	4.992220e+000	9.500000e+000	9.984440e-002
1.620605687689834e-003	4.992220e+000	9.500000e+000	9.984440e-002
1.622008254787258e-003	4.992220e+000	9.500000e+000	9.984440e-002
1.623410821884682e-003	4.992220e+000	9.500000e+000	9.984440e-002
1.624813388982106e-003	4.992220e+000	9.500000e+000	9.984440e-002
1.628170864090659e-003	4.992220e+000	9.500000e+000	9.984440e-002
1.631528339199212e-003	4.992220e+000	9.500000e+000	9.984440e-002
1.634885814307765e-003	4.992220e+000	9.500000e+000	9.984440e-002
1.638243289416318e-003	4.992220e+000	9.500000e+000	9.984440e-002
1.641600764524871e-003	4.992220e+000	9.500000e+000	9.984440e-002
1.644958239633424e-003	4.992220e+000	9.500000e+000	9.984440e-002
1.648315714741977e-003	4.992220e+000	9.500000e+000	9.984440e-002
1.650698529678857e-003	4.992220e+000	9.500000e+000	9.984440e-002
1.653081344615738e-003	4.992220e+000	9.500000e+000	9.984440e-002
1.655464159552618e-003	4.992220e+000	9.500000e+000	9.984440e-002
1.657846974489498e-003	4.992220e+000	9.500000e+000	9.984440e-002
1.660229789426378e-003	4.992220e+000	9.500000e+000	9.984440e-002
1.662612604363258e-003	4.992220e+000	9.500000e+000	9.984440e-002
1.664995419300139e-003	4.992220e+000	9.500000e+000	9.984440e-002
1.666457584112927e-003	4.992220e+000	9.500000e+000	9.984440e-002
1.667919748925716e-003	4.992220e+000	9.500000e+000	9.984440e-002
1.669381913738505e-003	4.992220e+000	9.500000e+000	9.984440e-002
1.670844078551294e-003	4.992220e+000	9.500000e+000	9.984440e-002
1.672306243364083e-003	4.992220e+000	9.500000e+000	9.984440e-002
1.673768408176872e-003	4.992220e+000	9.500000e+000	9.984440e-002
1.675230572989661e-003	4.992220e+000	9.500000e+000	9.984440e-002
1.678528450382849e-003	4.992220e+000	9.500000e+000	9.984440e-002
1.681826327776036e-003	4.992220e+000	9.500000e+000	9.984440e-002
1.685124205169224e-003	4.992220e+000	9.500000e+000	9.984440e-002
1.688422082562412e-003	4.992220e+000	9.500000e+000	9.984440e-002
1.691719959955600e-003	4.992220e+000	9.500000e+000	9.984440e-002
1.695017837348788e-003	4.992220e+000	9.500000e+000	9.984440e-002
1.698315714741976e-003	4.992220e+000	9.500000e+000	9.984440e-002
1.700698529678856e-003	4.992220e+000	9.500000e+000	9.984440e-002
1.703081344615737e-003	4.992220e+000	9.500000e+000	9.984440e-002
1.705464159552617e-003	4.992220e+000	9.500000e+000	9.984440e-002
1.707846974489497e-003	4.992220e+000	9.500000e+000	9.984440e-002
1.710229789426377e-003	4.992220e+000	9.500000e+000	9.984440e-002
1.712612604363258e-003	4.992220e+000	9.500000e+000	9.984440e-002
1.714995419300138e-003	4.992220e+000	9.500000e+000	9.984440e-002
1.717052710749948e-003	4.992220e+000	9.500000e+000	9.984440e-002
1.719110002199757e-003	4.992220e+000	9.500000e+000	9.984440e-002
1.721167293649567e-003	4.992220e+000	9.500000e+000	9.984440e-002
1.723224585099377e-003	4.992220e+000	9.500000e+000	9.984440e-002
1.725281876549187e-003	4.992220e+000	9.500000e+000	9.984440e-002
1.727339167998996e-003	4.992220e+000	9.500000e+000	9.984440e-002
1.729396459448806e-003	4.992220e+000	9.500000e+000	9.984440e-002
1.730396459448806e-003	4.992220e+000	9.500000e+000	9.984440e-002
1.735339167998996e-003	4.992220e+000	9.500000e+000	9.984440e-002
1.740281876549187e-003	4.992220e+000	9.500000e+000	9.984440e-002
1.745224585099377e-003	4.992220e+000	9.500000e+000	9.984440e-002
1.750167293649568e-003	4.992220e+000	9.500000e+000	9.984440e-002
1.755110002199758e-003	4.992220e+000	9.500000e+000	9.984440e-002
1.760052710749949e-003	4.992220e+000	9.500000e+000	9.984440e-002
1.764995419300139e-003	4.992220e+000	9.500000e+000	9.984440e-002
1.769755461506116e-003	4.992220e+000	9.500000e+000	9.984440e-002
1.774515503712093e-003	4.992220e+000	9.500000e+000	9.984440e-002
1.779275545918070e-003	4.992220e+000	9.500000e+000	9.984440e-002
1.784035588124046e-003	4.992220e+000	9.500000e+000	9.984440e-002
1.788795630330023e-003	4.992220e+000	9.500000e+000	9.984440e-002
1.793555672536000e-003	4.992220e+000	9.500000e+000	9.984440e-002
1.798315714741977e-003	4.992220e+000	9.500000e+000	9.984440e-002
1.801209750955002e-003	4.992220e+000	9.500000e+000	9.984440e-002
1.804103787168027e-003	4.992220e+000	9.500000e+000	9.984440e-002
1.806997823381052e-003	4.992220e+000	9.500000e+000	9.984440e-002
1.809891859594077e-003	4.992220e+000	9.500000e+000	9.984440e-002
1.812785895807102e-003	4.992220e+000	9.500000e+000	9.984440e-002
1.815679932020127e-003	4.992220e+000	9.500000e+000	9.984440e-002
1.818573968233152e-003	4.992220e+000	9.500000e+000	9.984440e-002
1.824374608832351e-003	4.992220e+000	9.500000e+000	9.984440e-002
1.830175249431550e-003	4.992220e+000	9.500000e+000	9.984440e-002
1.835975890030748e-003	4.992220e+000	9.500000e+000	9.984440e-002
1.841776530629947e-003	4.992220e+000	9.500000e+000	9.984440e-002
1.847577171229146e-003	4.992220e+000	9.500000e+000	9.984440e-002
1.853377811828345e-003	4.992220e+000	9.500000e+000	9.984440e-002
1.859178452427543e-003	4.992220e+000	9.500000e+000	9.984440e-002
1.864257399033594e-003	4.992220e+000	9.500000e+000	9.984440e-002
1.869336345639644e-003	4.992220e+000	9.500000e+000	9.984440e-002
1.874415292245695e-003	4.992220e+000	9.500000e+000	9.984440e-002
1.879494238851746e-003	4.992220e+000	9.500000e+000	9.984440e-002
1.884573185457796e-003	4.992220e+000	9.500000e+000	9.984440e-002
1.889652132063847e-003	4.992220e+000	9.500000e+000	9.984440e-002
1.894731078669897e-003	4.992220e+000	9.500000e+000	9.984440e-002
1.898137205750362e-003	4.992220e+000	9.500000e+000	9.984440e-002
1.901543332830826e-003	4.992220e+000	9.500000e+000	9.984440e-002
1.904949459911291e-003	4.992220e+000	9.500000e+000	9.984440e-002
1.908355586991756e-003	4.992220e+000	9.500000e+000	9.984440e-002
1.911761714072220e-003	4.992220e+000	9.500000e+000	9.984440e-002
1.915167841152685e-003	4.992220e+000	9.500000e+000	9.984440e-002
1.918573968233150e-003	4.992220e+000	9.500000e+000	9.984440e-002
1.925716825376007e-003	4.992220e+000	9.500000e+000	9.984440e-002
1.932859682518865e-003	4.992220e+000	9.500000e+000	9.984440e-002
1.940002539661723e-003	4.992220e+000	9.500000e+000	9.984440e-002
1.947145396804580e-003	4.992220e+000	9.500000e+000	9.984440e-002
1.954288253947438e-003	4.992220e+000	9.500000e+000	9.984440e-002
1.961431111090296e-003	4.992220e+000	9.500000e+000	9.984440e-002
1.968573968233153e-003	4.992220e+000	9.500000e+000	9.984440e-002
1.975716825376011e-003	4.992220e+000	9.500000e+000	9.984440e-002
1.982859682518868e-003	4.992220e+000	9.500000e+000	9.984440e-002
1.990002539661726e-003	4.992220e+000	9.500000e+000	9.984440e-002
1.997145396804583e-003	4.992220e+000	9.500000e+000	9.984440e-002
2.004288253947441e-003	4.992220e+000	9.500000e+000	9.984440e-002
2.011431111090298e-003	4.992220e+000	9.500000e+000	9.984440e-002
2.018573968233156e-003	4.992220e+000	9.500000e+000	9.984440e-002
2.032859682518870e-003	4.992220e+000	9.500000e+000	9.984440e-002
2.047145396804583e-003	4.992220e+000	9.500000e+000	9.984440e-002
2.061431111090297e-003	4.992220e+000	9.500000e+000	9.984440e-002
2.075716825376012e-003	4.992220e+000	9.500000e+000	9.984440e-002
2.090002539661726e-003	4.992220e+000	9.500000e+000	9.984440e-002
2.104288253947439e-003	4.992220e+000	9.500000e+000	9.984440e-002
2.118573968233153e-003	4.992220e+000	9.500000e+000	9.984440e-002
2.173798788440574e-003	4.992220e+000	9.500000e+000	9.984440e-002
2.229023608647995e-003	4.992220e+000	9.500000e+000	9.984440e-002
2.284248428855416e-003	4.992220e+000	9.500000e+000	9.984440e-002
2.339473249062836e-003	4.992220e+000	9.500000e+000	9.984440e-002
2.394698069270257e-003	4.992220e+000	9.500000e+000	9.984440e-002
2.449922889477678e-003	4.992220e+000	9.500000e+000	9.984440e-002
2.505147709685099e-003	4.992220e+000	9.500000e+000	9.984440e-002
2.505540485112483e-003	4.992220e+000	9.500000e+000	9.984440e-002
3.372315714742027e-003	4.992220e+000	9.500000e+000	9.984440e-002
4.396315714742163e-003	4.992220e+000	9.500000e+000	9.984440e-002
4.999315714742243e-003	4.992220e+000	9.500000e+000	9.984440e-002
5.000000000000000e-003	4.992220e+000	9.500000e+000	9.984440e-002
