Vin	Rendimiento
9.300000000000001e+000	5.315015e+001
9.301000000000000e+000	5.314441e+001
9.302000000000000e+000	5.313867e+001
9.302999999999999e+000	5.313292e+001
9.303999999999999e+000	5.312718e+001
9.304999999999998e+000	5.312144e+001
9.305999999999997e+000	5.311570e+001
9.306999999999997e+000	5.310996e+001
9.307999999999996e+000	5.310423e+001
9.308999999999996e+000	5.309850e+001
9.309999999999995e+000	5.309276e+001
9.310999999999995e+000	5.308703e+001
9.311999999999994e+000	5.308129e+001
9.312999999999994e+000	5.307557e+001
9.313999999999993e+000	5.306983e+001
9.314999999999992e+000	5.306411e+001
9.315999999999992e+000	5.305838e+001
9.316999999999991e+000	5.305266e+001
9.317999999999991e+000	5.304693e+001
9.318999999999990e+000	5.304121e+001
9.319999999999990e+000	5.303549e+001
9.320999999999989e+000	5.302977e+001
9.321999999999989e+000	5.302405e+001
9.322999999999988e+000	5.301833e+001
9.323999999999987e+000	5.301261e+001
9.324999999999987e+000	5.300690e+001
9.325999999999986e+000	5.300118e+001
9.326999999999986e+000	5.299547e+001
9.327999999999985e+000	5.298975e+001
9.328999999999985e+000	5.298405e+001
9.329999999999984e+000	5.297834e+001
9.330999999999984e+000	5.297263e+001
9.331999999999983e+000	5.296692e+001
9.332999999999982e+000	5.296122e+001
9.333999999999982e+000	5.295551e+001
9.334999999999981e+000	5.294981e+001
9.335999999999981e+000	5.294411e+001
9.336999999999980e+000	5.293841e+001
9.337999999999980e+000	5.293271e+001
9.338999999999979e+000	5.292701e+001
9.339999999999979e+000	5.292131e+001
9.340999999999978e+000	5.291562e+001
9.341999999999977e+000	5.290993e+001
9.342999999999977e+000	5.290423e+001
9.343999999999976e+000	5.289854e+001
9.344999999999976e+000	5.289284e+001
9.345999999999975e+000	5.288716e+001
9.346999999999975e+000	5.288146e+001
9.347999999999974e+000	5.287578e+001
9.348999999999974e+000	5.287010e+001
9.349999999999973e+000	5.286441e+001
9.350999999999972e+000	5.285872e+001
9.351999999999972e+000	5.285304e+001
9.352999999999971e+000	5.284736e+001
9.353999999999971e+000	5.284167e+001
9.354999999999970e+000	5.283601e+001
9.355999999999970e+000	5.283033e+001
9.356999999999969e+000	5.282464e+001
9.357999999999969e+000	5.281898e+001
9.358999999999968e+000	5.281330e+001
9.359999999999968e+000	5.280763e+001
9.360999999999967e+000	5.280195e+001
9.361999999999966e+000	5.279628e+001
9.362999999999966e+000	5.279061e+001
9.363999999999965e+000	5.278494e+001
9.364999999999965e+000	5.277928e+001
9.365999999999964e+000	5.277361e+001
9.366999999999964e+000	5.276795e+001
9.367999999999963e+000	5.276229e+001
9.368999999999963e+000	5.275662e+001
9.369999999999962e+000	5.275096e+001
9.370999999999961e+000	5.274530e+001
9.371999999999961e+000	5.273965e+001
9.372999999999960e+000	5.273398e+001
9.373999999999960e+000	5.272833e+001
9.374999999999959e+000	5.272268e+001
9.375999999999959e+000	5.271702e+001
9.376999999999958e+000	5.271137e+001
9.377999999999958e+000	5.270572e+001
9.378999999999957e+000	5.270007e+001
9.379999999999956e+000	5.269442e+001
9.380999999999956e+000	5.268878e+001
9.381999999999955e+000	5.268313e+001
9.382999999999955e+000	5.267748e+001
9.383999999999954e+000	5.267184e+001
9.384999999999954e+000	5.266620e+001
9.385999999999953e+000	5.266055e+001
9.386999999999953e+000	5.265492e+001
9.387999999999952e+000	5.264928e+001
9.388999999999951e+000	5.264364e+001
9.389999999999951e+000	5.263800e+001
9.390999999999950e+000	5.263237e+001
9.391999999999950e+000	5.262673e+001
9.392999999999949e+000	5.262110e+001
9.393999999999949e+000	5.261547e+001
9.394999999999948e+000	5.260984e+001
9.395999999999948e+000	5.260421e+001
9.396999999999947e+000	5.259857e+001
9.397999999999946e+000	5.259295e+001
9.398999999999946e+000	5.258732e+001
9.399999999999945e+000	5.258170e+001
9.400999999999945e+000	5.257608e+001
9.401999999999944e+000	5.257045e+001
9.402999999999944e+000	5.256483e+001
9.403999999999943e+000	5.255921e+001
9.404999999999943e+000	5.255359e+001
9.405999999999942e+000	5.254798e+001
9.406999999999941e+000	5.254236e+001
9.407999999999941e+000	5.253675e+001
9.408999999999940e+000	5.253113e+001
9.409999999999940e+000	5.252552e+001
9.410999999999939e+000	5.251991e+001
9.411999999999939e+000	5.251430e+001
9.412999999999938e+000	5.250869e+001
9.413999999999938e+000	5.250308e+001
9.414999999999937e+000	5.249747e+001
9.415999999999936e+000	5.249186e+001
9.416999999999936e+000	5.248626e+001
9.417999999999935e+000	5.248066e+001
9.418999999999935e+000	5.247506e+001
9.419999999999934e+000	5.246946e+001
9.420999999999934e+000	5.246386e+001
9.421999999999933e+000	5.245826e+001
9.422999999999933e+000	5.245266e+001
9.423999999999932e+000	5.244706e+001
9.424999999999931e+000	5.244147e+001
9.425999999999931e+000	5.243588e+001
9.426999999999930e+000	5.243028e+001
9.427999999999930e+000	5.242469e+001
9.428999999999929e+000	5.241910e+001
9.429999999999929e+000	5.241351e+001
9.430999999999928e+000	5.240793e+001
9.431999999999928e+000	5.240234e+001
9.432999999999927e+000	5.239675e+001
9.433999999999926e+000	5.239117e+001
9.434999999999926e+000	5.238558e+001
9.435999999999925e+000	5.238000e+001
9.436999999999925e+000	5.237442e+001
9.437999999999924e+000	5.236885e+001
9.438999999999924e+000	5.236326e+001
9.439999999999923e+000	5.235769e+001
9.440999999999923e+000	5.235211e+001
9.441999999999922e+000	5.234653e+001
9.442999999999922e+000	5.234097e+001
9.443999999999921e+000	5.233539e+001
9.444999999999920e+000	5.232982e+001
9.445999999999920e+000	5.232425e+001
9.446999999999919e+000	5.231868e+001
9.447999999999919e+000	5.231311e+001
9.448999999999918e+000	5.230755e+001
9.449999999999918e+000	5.230198e+001
9.450999999999917e+000	5.229642e+001
9.451999999999917e+000	5.229086e+001
9.452999999999916e+000	5.228529e+001
9.453999999999915e+000	5.227972e+001
9.454999999999915e+000	5.227418e+001
9.455999999999914e+000	5.226861e+001
9.456999999999914e+000	5.226306e+001
9.457999999999913e+000	5.225750e+001
9.458999999999913e+000	5.225195e+001
9.459999999999912e+000	5.224639e+001
9.460999999999912e+000	5.224084e+001
9.461999999999911e+000	5.223529e+001
9.462999999999910e+000	5.222974e+001
9.463999999999910e+000	5.222419e+001
9.464999999999909e+000	5.221864e+001
9.465999999999909e+000	5.221310e+001
9.466999999999908e+000	5.220755e+001
9.467999999999908e+000	5.220200e+001
9.468999999999907e+000	5.219646e+001
9.469999999999907e+000	5.219092e+001
9.470999999999906e+000	5.218538e+001
9.471999999999905e+000	5.217984e+001
9.472999999999905e+000	5.217431e+001
9.473999999999904e+000	5.216877e+001
9.474999999999904e+000	5.216322e+001
9.475999999999903e+000	5.215769e+001
9.476999999999903e+000	5.215216e+001
9.477999999999902e+000	5.214662e+001
9.478999999999902e+000	5.214110e+001
9.479999999999901e+000	5.213557e+001
9.480999999999900e+000	5.213004e+001
9.481999999999900e+000	5.212450e+001
9.482999999999899e+000	5.211898e+001
9.483999999999899e+000	5.211345e+001
9.484999999999898e+000	5.210793e+001
9.485999999999898e+000	5.210241e+001
9.486999999999897e+000	5.209689e+001
9.487999999999897e+000	5.209137e+001
9.488999999999896e+000	5.208584e+001
9.489999999999895e+000	5.208033e+001
9.490999999999895e+000	5.207481e+001
9.491999999999894e+000	5.206930e+001
9.492999999999894e+000	5.206378e+001
9.493999999999893e+000	5.205826e+001
9.494999999999893e+000	5.205275e+001
9.495999999999892e+000	5.204724e+001
9.496999999999892e+000	5.204173e+001
9.497999999999891e+000	5.203622e+001
9.498999999999890e+000	5.203071e+001
9.499999999999890e+000	5.202521e+001
9.500999999999889e+000	5.201970e+001
9.501999999999889e+000	5.201420e+001
9.502999999999888e+000	5.200869e+001
9.503999999999888e+000	5.200319e+001
9.504999999999887e+000	5.199769e+001
9.505999999999887e+000	5.199219e+001
9.506999999999886e+000	5.198669e+001
9.507999999999885e+000	5.198119e+001
9.508999999999885e+000	5.197570e+001
9.509999999999884e+000	5.197020e+001
9.510999999999884e+000	5.196471e+001
9.511999999999883e+000	5.195921e+001
9.512999999999883e+000	5.195372e+001
9.513999999999882e+000	5.194823e+001
9.514999999999882e+000	5.194274e+001
9.515999999999881e+000	5.193725e+001
9.516999999999880e+000	5.193176e+001
9.517999999999880e+000	5.192628e+001
9.518999999999879e+000	5.192079e+001
9.519999999999879e+000	5.191531e+001
9.520999999999878e+000	5.190983e+001
9.521999999999878e+000	5.190434e+001
9.522999999999877e+000	5.189886e+001
9.523999999999877e+000	5.189338e+001
9.524999999999876e+000	5.188791e+001
9.525999999999876e+000	5.188243e+001
9.526999999999875e+000	5.187695e+001
9.527999999999874e+000	5.187148e+001
9.528999999999874e+000	5.186600e+001
9.529999999999873e+000	5.186053e+001
9.530999999999873e+000	5.185506e+001
9.531999999999872e+000	5.184960e+001
9.532999999999872e+000	5.184412e+001
9.533999999999871e+000	5.183865e+001
9.534999999999871e+000	5.183319e+001
9.535999999999870e+000	5.182772e+001
9.536999999999869e+000	5.182226e+001
9.537999999999869e+000	5.181679e+001
9.538999999999868e+000	5.181134e+001
9.539999999999868e+000	5.180587e+001
9.540999999999867e+000	5.180041e+001
9.541999999999867e+000	5.179496e+001
9.542999999999866e+000	5.178950e+001
9.543999999999866e+000	5.178404e+001
9.544999999999865e+000	5.177858e+001
9.545999999999864e+000	5.177313e+001
9.546999999999864e+000	5.176768e+001
9.547999999999863e+000	5.176223e+001
9.548999999999863e+000	5.175678e+001
9.549999999999862e+000	5.175133e+001
9.550999999999862e+000	5.174588e+001
9.551999999999861e+000	5.174043e+001
9.552999999999861e+000	5.173498e+001
9.553999999999860e+000	5.172954e+001
9.554999999999859e+000	5.172410e+001
9.555999999999859e+000	5.171865e+001
9.556999999999858e+000	5.171321e+001
9.557999999999858e+000	5.170777e+001
9.558999999999857e+000	5.170233e+001
9.559999999999857e+000	5.169689e+001
9.560999999999856e+000	5.169146e+001
9.561999999999856e+000	5.168602e+001
9.562999999999855e+000	5.168058e+001
9.563999999999854e+000	5.167515e+001
9.564999999999854e+000	5.166973e+001
9.565999999999853e+000	5.166429e+001
9.566999999999853e+000	5.165886e+001
9.567999999999852e+000	5.165343e+001
9.568999999999852e+000	5.164800e+001
9.569999999999851e+000	5.164258e+001
9.570999999999851e+000	5.163715e+001
9.571999999999850e+000	5.163173e+001
9.572999999999849e+000	5.162630e+001
9.573999999999849e+000	5.162088e+001
9.574999999999848e+000	5.161545e+001
9.575999999999848e+000	5.161004e+001
9.576999999999847e+000	5.160462e+001
9.577999999999847e+000	5.159920e+001
9.578999999999846e+000	5.159378e+001
9.579999999999846e+000	5.158837e+001
9.580999999999845e+000	5.158295e+001
9.581999999999844e+000	5.157754e+001
9.582999999999844e+000	5.157213e+001
9.583999999999843e+000	5.156672e+001
9.584999999999843e+000	5.156131e+001
9.585999999999842e+000	5.155589e+001
9.586999999999842e+000	5.155050e+001
9.587999999999841e+000	5.154509e+001
9.588999999999841e+000	5.153968e+001
9.589999999999840e+000	5.153428e+001
9.590999999999839e+000	5.152888e+001
9.591999999999839e+000	5.152348e+001
9.592999999999838e+000	5.151807e+001
9.593999999999838e+000	5.151267e+001
9.594999999999837e+000	5.150727e+001
9.595999999999837e+000	5.150188e+001
9.596999999999836e+000	5.149648e+001
9.597999999999836e+000	5.149109e+001
9.598999999999835e+000	5.148569e+001
9.599999999999834e+000	5.148029e+001
9.600999999999834e+000	5.147491e+001
9.601999999999833e+000	5.146951e+001
9.602999999999833e+000	5.146413e+001
9.603999999999832e+000	5.145874e+001
9.604999999999832e+000	5.145335e+001
9.605999999999831e+000	5.144796e+001
9.606999999999831e+000	5.144257e+001
9.607999999999830e+000	5.143720e+001
9.608999999999830e+000	5.143182e+001
9.609999999999829e+000	5.142643e+001
9.610999999999828e+000	5.142105e+001
9.611999999999828e+000	5.141566e+001
9.612999999999827e+000	5.141029e+001
9.613999999999827e+000	5.140492e+001
9.614999999999826e+000	5.139954e+001
9.615999999999826e+000	5.139416e+001
9.616999999999825e+000	5.138879e+001
9.617999999999825e+000	5.138341e+001
9.618999999999824e+000	5.137804e+001
9.619999999999823e+000	5.137268e+001
9.620999999999823e+000	5.136731e+001
9.621999999999822e+000	5.136194e+001
9.622999999999822e+000	5.135656e+001
9.623999999999821e+000	5.135121e+001
9.624999999999821e+000	5.134584e+001
9.625999999999820e+000	5.134047e+001
9.626999999999820e+000	5.133511e+001
9.627999999999819e+000	5.132975e+001
9.628999999999818e+000	5.132439e+001
9.629999999999818e+000	5.131903e+001
9.630999999999817e+000	5.131368e+001
9.631999999999817e+000	5.130832e+001
9.632999999999816e+000	5.130295e+001
9.633999999999816e+000	5.129760e+001
9.634999999999815e+000	5.129225e+001
9.635999999999815e+000	5.128690e+001
9.636999999999814e+000	5.128155e+001
9.637999999999813e+000	5.127620e+001
9.638999999999813e+000	5.127085e+001
9.639999999999812e+000	5.126550e+001
9.640999999999812e+000	5.126015e+001
9.641999999999811e+000	5.125480e+001
9.642999999999811e+000	5.124946e+001
9.643999999999810e+000	5.124412e+001
9.644999999999810e+000	5.123877e+001
9.645999999999809e+000	5.123343e+001
9.646999999999808e+000	5.122809e+001
9.647999999999808e+000	5.122275e+001
9.648999999999807e+000	5.121741e+001
9.649999999999807e+000	5.121208e+001
9.650999999999806e+000	5.120674e+001
9.651999999999806e+000	5.120140e+001
9.652999999999805e+000	5.119607e+001
9.653999999999805e+000	5.119074e+001
9.654999999999804e+000	5.118541e+001
9.655999999999803e+000	5.118008e+001
9.656999999999803e+000	5.117475e+001
9.657999999999802e+000	5.116942e+001
9.658999999999802e+000	5.116409e+001
9.659999999999801e+000	5.115876e+001
9.660999999999801e+000	5.115344e+001
9.661999999999800e+000	5.114812e+001
9.662999999999800e+000	5.114279e+001
9.663999999999799e+000	5.113747e+001
9.664999999999798e+000	5.113215e+001
9.665999999999798e+000	5.112683e+001
9.666999999999797e+000	5.112152e+001
9.667999999999797e+000	5.111619e+001
9.668999999999796e+000	5.111088e+001
9.669999999999796e+000	5.110556e+001
9.670999999999795e+000	5.110025e+001
9.671999999999795e+000	5.109494e+001
9.672999999999794e+000	5.108962e+001
9.673999999999793e+000	5.108432e+001
9.674999999999793e+000	5.107900e+001
9.675999999999792e+000	5.107370e+001
9.676999999999792e+000	5.106839e+001
9.677999999999791e+000	5.106308e+001
9.678999999999791e+000	5.105778e+001
9.679999999999790e+000	5.105247e+001
9.680999999999790e+000	5.104717e+001
9.681999999999789e+000	5.104187e+001
9.682999999999788e+000	5.103657e+001
9.683999999999788e+000	5.103127e+001
9.684999999999787e+000	5.102597e+001
9.685999999999787e+000	5.102067e+001
9.686999999999786e+000	5.101538e+001
9.687999999999786e+000	5.101008e+001
9.688999999999785e+000	5.100479e+001
9.689999999999785e+000	5.099949e+001
9.690999999999784e+000	5.099420e+001
9.691999999999784e+000	5.098891e+001
9.692999999999783e+000	5.098362e+001
9.693999999999782e+000	5.097833e+001
9.694999999999782e+000	5.097304e+001
9.695999999999781e+000	5.096775e+001
9.696999999999781e+000	5.096248e+001
9.697999999999780e+000	5.095719e+001
9.698999999999780e+000	5.095190e+001
9.699999999999999e+000	5.094662e+001
