Time	Vin	Vo
0.000000000000000e+000	-1.000176e-002	-2.047685e-002
9.999999960041972e-012	3.783368e-003	-2.047685e-002
1.835034552387399e-011	3.452205e-003	-2.047685e-002
3.505103665153803e-011	3.239535e-003	-2.047685e-002
6.845241890686612e-011	3.551864e-003	-2.047685e-002
1.352551834175223e-010	3.852033e-003	-2.047685e-002
2.535185700845381e-010	4.385136e-003	-2.047685e-002
4.310565485497154e-010	4.976653e-003	-2.047685e-002
7.248137338125422e-010	5.916261e-003	-2.047685e-002
1.312328104338196e-009	7.277631e-003	-2.047685e-002
2.487356845389503e-009	8.963488e-003	-2.047685e-002
4.546571285477197e-009	9.976767e-003	-2.047685e-002
6.892973554382649e-009	1.016297e-002	-2.047685e-002
1.058393002415441e-008	1.011481e-002	-2.047685e-002
1.796584296369792e-008	1.012292e-002	-2.047685e-002
2.659229200001722e-008	1.004925e-002	-2.047685e-002
3.820863133355587e-008	1.004615e-002	-2.047685e-002
5.779252050031490e-008	1.000156e-002	-2.047637e-002
9.696029883383296e-008	1.003566e-002	-2.047589e-002
1.752958555008691e-007	1.000466e-002	-2.047351e-002
3.319669688349413e-007	1.002231e-002	-2.045873e-002
6.453091955030859e-007	9.981297e-003	-2.036813e-002
1.271993648839375e-006	1.001420e-002	-1.992038e-002
2.271993648839375e-006	9.982728e-003	-1.861098e-002
3.271993648839375e-006	1.001348e-002	-1.671985e-002
4.271993648839375e-006	9.982966e-003	-1.446393e-002
5.271993648839374e-006	1.001325e-002	-1.214269e-002
6.271993648839374e-006	9.983205e-003	-9.966402e-003
7.271993648839374e-006	1.001325e-002	-8.046655e-003
8.271993648839375e-006	9.983205e-003	-6.420641e-003
9.271993648839375e-006	1.001325e-002	-5.080728e-003
1.027199364883938e-005	9.983205e-003	-3.999262e-003
1.127199364883938e-005	1.001325e-002	-3.139047e-003
1.227199364883938e-005	9.983205e-003	-2.463369e-003
1.327199364883938e-005	1.001348e-002	-1.937895e-003
1.427199364883938e-005	9.983205e-003	-1.531153e-003
1.527199364883938e-005	1.001348e-002	-1.218824e-003
1.627199364883938e-005	9.983205e-003	-9.784983e-004
1.727199364883938e-005	1.001348e-002	-7.939623e-004
1.827199364883938e-005	9.982966e-003	-6.509111e-004
1.927199364883938e-005	1.001348e-002	-5.393312e-004
2.027199364883938e-005	9.982966e-003	-4.496859e-004
2.127199364883938e-005	1.001348e-002	-3.772066e-004
2.227199364883938e-005	9.982966e-003	-3.161715e-004
2.327199364883938e-005	1.001348e-002	-2.632425e-004
2.427199364883938e-005	9.982966e-003	-2.160357e-004
2.527199364883938e-005	1.001348e-002	-1.731203e-004
2.627199364883938e-005	9.982966e-003	-1.321123e-004
2.727199364883938e-005	1.001348e-002	-9.253483e-005
2.827199364883939e-005	9.982966e-003	-5.391102e-005
2.927199364883939e-005	1.001348e-002	-1.576405e-005
3.127199364883938e-005	1.001348e-002	6.005306e-005
3.441485079169652e-005	1.000414e-002	1.800019e-004
3.755770793455365e-005	9.997914e-003	2.997951e-004
4.070056507741079e-005	9.994800e-003	4.194326e-004
4.384342222026792e-005	9.994800e-003	5.389143e-004
4.698627936312506e-005	9.997914e-003	6.582404e-004
5.012913650598220e-005	1.000414e-002	7.774108e-004
5.327199364883932e-005	1.001348e-002	8.964254e-004
9.884342222026829e-005	1.000912e-002	2.501644e-003
1.444148507916972e-004	1.000476e-002	3.991838e-003
1.899862793631262e-004	1.000040e-002	5.367007e-003
2.355577079345551e-004	9.996045e-003	6.627152e-003
2.811291365059841e-004	9.991686e-003	7.772271e-003
3.267005650774131e-004	9.987326e-003	8.802366e-003
3.722719936488420e-004	9.982966e-003	9.717436e-003
4.181291365059859e-004	9.987326e-003	1.056539e-002
4.639862793631299e-004	9.991686e-003	1.135231e-002
5.098434222202739e-004	9.996045e-003	1.207819e-002
5.557005650774179e-004	1.000040e-002	1.274304e-002
6.015577079345618e-004	1.000476e-002	1.334685e-002
6.474148507917058e-004	1.000912e-002	1.388962e-002
6.932719936488497e-004	1.001348e-002	1.437137e-002
7.369474231275998e-004	1.000417e-002	1.479548e-002
7.806228526063498e-004	9.997943e-003	1.519016e-002
8.242982820850999e-004	9.994814e-003	1.555542e-002
8.679737115638499e-004	9.994780e-003	1.589125e-002
9.116491410426000e-004	9.997841e-003	1.619765e-002
9.553245705213501e-004	1.000400e-002	1.647463e-002
9.990000000001001e-004	1.001325e-002	1.672217e-002
1.000000000000100e-003	9.983205e-003	1.670215e-002
1.001000000000100e-003	-9.981967e-003	1.654002e-002
1.002000000000100e-003	-1.002941e-002	1.603505e-002
1.002996139292913e-003	-9.969569e-003	1.505372e-002
1.003996139292913e-003	-1.003609e-002	1.362273e-002
1.004996139292913e-003	-9.966470e-003	1.189658e-002
1.005996139292913e-003	-1.003704e-002	1.003739e-002
1.006996139292913e-003	-9.966470e-003	8.172960e-003
1.007996139292913e-003	-1.003680e-002	6.394835e-003
1.008996139292913e-003	-9.966947e-003	4.759760e-003
1.009996139292913e-003	-1.003633e-002	3.300638e-003
1.010996139292913e-003	-9.967185e-003	2.030344e-003
1.011996139292913e-003	-1.003609e-002	9.479238e-004
1.012996139292912e-003	-9.967424e-003	4.241008e-005
1.013996139292912e-003	-1.003609e-002	-7.028864e-004
1.014996139292912e-003	-9.967424e-003	-1.307993e-003
1.015996139292912e-003	-1.003609e-002	-1.793890e-003
1.016996139292912e-003	-9.967424e-003	-2.180128e-003
1.017996139292912e-003	-1.003609e-002	-2.484827e-003
1.018996139292912e-003	-9.967424e-003	-2.724199e-003
1.019996139292912e-003	-1.003609e-002	-2.911596e-003
1.020996139292912e-003	-9.967424e-003	-3.058939e-003
1.021996139292912e-003	-1.003633e-002	-3.175764e-003
1.022996139292912e-003	-9.967185e-003	-3.268747e-003
1.023996139292912e-003	-1.003633e-002	-3.344087e-003
1.024996139292911e-003	-9.967424e-003	-3.407030e-003
1.025996139292911e-003	-1.003609e-002	-3.460436e-003
1.026996139292911e-003	-9.967424e-003	-3.507166e-003
1.027996139292911e-003	-1.003609e-002	-3.549127e-003
1.028996139292911e-003	-9.967424e-003	-3.587751e-003
1.029996139292911e-003	-1.003609e-002	-3.623991e-003
1.030996139292911e-003	-9.967662e-003	-3.658800e-003
1.031996139292911e-003	-1.003585e-002	-3.693132e-003
1.032996139292911e-003	-9.967662e-003	-3.726511e-003
1.034996139292911e-003	-9.967900e-003	-3.792791e-003
1.039281853578624e-003	-9.988112e-003	-3.934499e-003
1.043567567864339e-003	-1.000175e-002	-4.075429e-003
1.047853282150052e-003	-1.000880e-002	-4.215580e-003
1.052138996435766e-003	-1.000928e-002	-4.354953e-003
1.056424710721480e-003	-1.000318e-002	-4.493547e-003
1.060710425007194e-003	-9.990497e-003	-4.631363e-003
1.064996139292908e-003	-9.971238e-003	-4.768400e-003
1.110567567864333e-003	-9.982186e-003	-6.125547e-003
1.156138996435758e-003	-9.991733e-003	-7.385419e-003
1.201710425007182e-003	-9.999878e-003	-8.548016e-003
1.247281853578607e-003	-1.000662e-002	-9.613338e-003
1.292853282150032e-003	-1.001196e-002	-1.058139e-002
1.338424710721457e-003	-1.001591e-002	-1.145216e-002
1.383996139292881e-003	-1.001845e-002	-1.222566e-002
1.429853282150020e-003	-1.001339e-002	-1.294262e-002
1.475710425007159e-003	-1.000851e-002	-1.360798e-002
1.521567567864298e-003	-1.000380e-002	-1.422172e-002
1.567424710721437e-003	-9.999274e-003	-1.478384e-002
1.613281853578576e-003	-9.994920e-003	-1.529435e-002
1.659138996435715e-003	-9.990740e-003	-1.575324e-002
1.704996139292854e-003	-9.986735e-003	-1.616052e-002
1.746853282149995e-003	-9.991051e-003	-1.650504e-002
1.788710425007136e-003	-9.995348e-003	-1.682647e-002
1.830567567864276e-003	-9.999625e-003	-1.712483e-002
1.872424710721417e-003	-1.000388e-002	-1.740010e-002
1.914281853578558e-003	-1.000812e-002	-1.765229e-002
1.956138996435698e-003	-1.001234e-002	-1.788139e-002
1.997996139292839e-003	-1.001654e-002	-1.808742e-002
1.998996139292839e-003	-9.986974e-003	-1.809218e-002
1.999000000000000e-003	-1.001654e-002	-1.809218e-002
1.999007721414321e-003	-9.987212e-003	-1.809218e-002
1.999023164242964e-003	-1.001630e-002	-1.809218e-002
1.999054049900249e-003	-9.987212e-003	-1.809266e-002
1.999115821214819e-003	-1.001630e-002	-1.809266e-002
1.999239363843960e-003	-9.987212e-003	-1.809361e-002
1.999486449102242e-003	-1.001630e-002	-1.809457e-002
1.999544590245829e-003	-1.001630e-002	-1.809504e-002
1.999622111770611e-003	-9.987212e-003	-1.809504e-002
1.999777154820177e-003	-1.001630e-002	-1.809600e-002
2.000000000000000e-003	-9.987212e-003	-1.809457e-002
2.000445690359646e-003	9.966992e-003	-1.807120e-002
2.000809826498319e-003	1.005163e-002	-1.800492e-002
2.001187541904188e-003	9.944342e-003	-1.783326e-002
2.001721085144814e-003	1.005092e-002	-1.733830e-002
2.002721085144814e-003	9.946011e-003	-1.584104e-002
2.003721085144814e-003	1.005020e-002	-1.384786e-002
2.004721085144815e-003	9.946488e-003	-1.156810e-002
2.005721085144815e-003	1.004996e-002	-9.282141e-003
2.006721085144815e-003	9.946727e-003	-7.171182e-003
2.007721085144815e-003	1.004996e-002	-5.325823e-003
2.008721085144815e-003	9.946488e-003	-3.772287e-003
2.009721085144815e-003	1.005020e-002	-2.498178e-003
2.010721085144815e-003	9.946250e-003	-1.472978e-003
2.011721085144815e-003	1.005044e-002	-6.609247e-004
2.012721085144816e-003	9.946011e-003	-2.434712e-005
2.013721085144816e-003	1.005044e-002	4.691793e-004
2.014721085144816e-003	9.945773e-003	8.496954e-004
2.015721085144816e-003	1.005068e-002	1.141043e-003
2.016721085144816e-003	9.945773e-003	1.363726e-003
2.017721085144816e-003	1.005068e-002	1.534434e-003
2.018721085144816e-003	9.945773e-003	1.666041e-003
2.019721085144817e-003	1.005068e-002	1.768084e-003
2.020721085144817e-003	9.945773e-003	1.848669e-003
2.021721085144817e-003	1.005068e-002	1.914473e-003
2.022721085144817e-003	9.945773e-003	1.968832e-003
2.023721085144817e-003	1.005044e-002	2.016039e-003
2.024721085144817e-003	9.946011e-003	2.057524e-003
2.025721085144817e-003	1.005044e-002	2.096148e-003
2.026721085144817e-003	9.946250e-003	2.131911e-003
2.027721085144818e-003	1.005020e-002	2.167196e-003
2.028721085144818e-003	9.946488e-003	2.201052e-003
2.029721085144818e-003	1.004996e-002	2.234430e-003
2.031721085144818e-003	1.004972e-002	2.300711e-003
2.034721085144819e-003	1.003439e-002	2.401946e-003
2.037721085144819e-003	1.001944e-002	2.503065e-003
2.040721085144819e-003	1.000488e-002	2.604067e-003
2.043721085144820e-003	9.990712e-003	2.704952e-003
2.046721085144820e-003	9.976933e-003	2.805720e-003
2.049721085144821e-003	9.963542e-003	2.906372e-003
2.052721085144821e-003	9.950541e-003	3.006907e-003
2.098578228001970e-003	9.968812e-003	4.438012e-003
2.144435370859119e-003	9.984183e-003	5.766081e-003
2.190292513716268e-003	9.996653e-003	6.991115e-003
2.236149656573417e-003	1.000622e-002	8.113113e-003
2.282006799430566e-003	1.001290e-002	9.132075e-003
2.327863942287715e-003	1.001667e-002	1.004800e-002
2.373721085144864e-003	1.001754e-002	1.086089e-002
2.419578228002013e-003	1.001135e-002	1.160966e-002
2.465435370859161e-003	1.000559e-002	1.230448e-002
2.511292513716310e-003	1.000025e-002	1.294535e-002
2.557149656573459e-003	9.995349e-003	1.353227e-002
2.603006799430608e-003	9.990873e-003	1.406524e-002
2.648863942287757e-003	9.986825e-003	1.454425e-002
2.694721085144906e-003	9.983205e-003	1.496932e-002
2.738189501552791e-003	9.987569e-003	1.534213e-002
2.781657917960676e-003	9.991875e-003	1.568917e-002
2.825126334368561e-003	9.996123e-003	1.601044e-002
2.868594750776446e-003	1.000031e-002	1.630594e-002
2.912063167184331e-003	1.000444e-002	1.657568e-002
2.955531583592215e-003	1.000852e-002	1.681964e-002
2.999000000000100e-003	1.001253e-002	1.703784e-002
2.999442170289793e-003	9.983920e-003	1.704022e-002
3.000000000000100e-003	9.969138e-003	1.702449e-002
3.001000000000100e-003	-1.001153e-002	1.686761e-002
3.001874944698264e-003	-1.000080e-002	1.646230e-002
3.002764676131971e-003	-9.998180e-003	1.564405e-002
3.003764676131971e-003	-1.000700e-002	1.428411e-002
3.004764676131971e-003	-9.995795e-003	1.260755e-002
3.005764676131971e-003	-1.000795e-002	1.076409e-002
3.006764676131971e-003	-9.995795e-003	8.891554e-003
3.007764676131971e-003	-1.000748e-002	7.087202e-003
3.008764676131971e-003	-9.996272e-003	5.416842e-003
3.009764676131971e-003	-1.000700e-002	3.916235e-003
3.010764676131972e-003	-9.996511e-003	2.603502e-003
3.011764676131972e-003	-1.000676e-002	1.479597e-003
3.012764676131972e-003	-9.996749e-003	5.359365e-004
3.013764676131972e-003	-1.000676e-002	-2.436922e-004
3.014764676131972e-003	-9.996749e-003	-8.788393e-004
3.015764676131972e-003	-1.000676e-002	-1.390009e-003
3.016764676131972e-003	-9.996749e-003	-1.797228e-003
3.017764676131973e-003	-1.000676e-002	-2.119093e-003
3.018764676131973e-003	-9.996511e-003	-2.372293e-003
3.019764676131973e-003	-1.000700e-002	-2.570658e-003
3.020764676131973e-003	-9.996511e-003	-2.727060e-003
3.021764676131973e-003	-1.000700e-002	-2.850084e-003
3.022764676131973e-003	-9.996511e-003	-2.948313e-003
3.023764676131973e-003	-1.000700e-002	-3.028421e-003
3.024764676131973e-003	-9.996749e-003	-3.094225e-003
3.025764676131974e-003	-1.000676e-002	-3.150015e-003
3.026764676131974e-003	-9.996749e-003	-3.198652e-003
3.027764676131974e-003	-1.000676e-002	-3.242044e-003
3.028764676131974e-003	-9.996749e-003	-3.282099e-003
3.029764676131974e-003	-1.000676e-002	-3.319292e-003
3.030764676131974e-003	-9.996987e-003	-3.355055e-003
3.031764676131974e-003	-1.000652e-002	-3.389864e-003
3.032764676131975e-003	-9.996987e-003	-3.424196e-003
3.034764676131975e-003	-9.997226e-003	-3.491430e-003
3.039050390417690e-003	-9.999454e-003	-3.635776e-003
3.043336104703405e-003	-1.000110e-002	-3.779304e-003
3.047621818989120e-003	-1.000216e-002	-3.922014e-003
3.051907533274834e-003	-1.000264e-002	-4.063907e-003
3.056193247560549e-003	-1.000253e-002	-4.204983e-003
3.060478961846264e-003	-1.000184e-002	-4.345241e-003
3.064764676131979e-003	-1.000056e-002	-4.484682e-003
3.110336104703414e-003	-1.000311e-002	-5.866361e-003
3.155907533274848e-003	-1.000427e-002	-7.149014e-003
3.201478961846283e-003	-1.000405e-002	-8.332641e-003
3.247050390417717e-003	-1.000245e-002	-9.417241e-003
3.292621818989152e-003	-9.999469e-003	-1.040281e-002
3.338193247560586e-003	-9.995104e-003	-1.128936e-002
3.383764676132021e-003	-9.989358e-003	-1.207688e-002
3.429621818989170e-003	-9.992638e-003	-1.280674e-002
3.475478961846319e-003	-9.996073e-003	-1.348404e-002
3.521336104703468e-003	-9.999664e-003	-1.410879e-002
3.567193247560617e-003	-1.000341e-002	-1.468100e-002
3.613050390417766e-003	-1.000731e-002	-1.520065e-002
3.658907533274915e-003	-1.001137e-002	-1.566776e-002
3.704764676132064e-003	-1.001558e-002	-1.608232e-002
3.746621818989212e-003	-1.001166e-002	-1.643333e-002
3.788478961846360e-003	-1.000771e-002	-1.676075e-002
3.830336104703509e-003	-1.000375e-002	-1.706458e-002
3.872193247560657e-003	-9.999761e-003	-1.734482e-002
3.914050390417806e-003	-9.995756e-003	-1.760148e-002
3.955907533274954e-003	-9.991733e-003	-1.783455e-002
3.997764676132103e-003	-9.987689e-003	-1.804402e-002
3.999000000000000e-003	-9.987689e-003	-1.805022e-002
3.999470647735794e-003	-1.001582e-002	-1.805261e-002
4.000000000000000e-003	-9.987689e-003	-1.803401e-002
4.001000000000000e-003	9.980105e-003	-1.783565e-002
4.001868745714167e-003	1.002397e-002	-1.729968e-002
4.002754764225809e-003	9.968900e-003	-1.618150e-002
4.003754764225809e-003	1.002874e-002	-1.432088e-002
4.004754764225810e-003	9.967231e-003	-1.210549e-002
4.005754764225810e-003	1.002946e-002	-9.809046e-003
4.006754764225810e-003	9.967231e-003	-7.645159e-003
4.007754764225810e-003	1.002898e-002	-5.729227e-003
4.008754764225810e-003	9.967707e-003	-4.102258e-003
4.009754764225810e-003	1.002874e-002	-2.759485e-003
4.010754764225810e-003	9.967707e-003	-1.674204e-003
4.011754764225810e-003	1.002874e-002	-8.111284e-004
4.012754764225811e-003	9.967946e-003	-1.335428e-004
4.013754764225811e-003	1.002874e-002	3.938391e-004
4.014754764225811e-003	9.967707e-003	8.005812e-004
4.015754764225811e-003	1.002874e-002	1.112433e-003
4.016754764225811e-003	9.967707e-003	1.351328e-003
4.017754764225811e-003	1.002874e-002	1.533957e-003
4.018754764225811e-003	9.967469e-003	1.674147e-003
4.019754764225812e-003	1.002898e-002	1.782866e-003
4.020754764225812e-003	9.967469e-003	1.868696e-003
4.021754764225812e-003	1.002898e-002	1.937838e-003
4.022754764225812e-003	9.967469e-003	1.994581e-003
4.023754764225812e-003	1.002898e-002	2.043219e-003
4.024754764225812e-003	9.967469e-003	2.086134e-003
4.025754764225812e-003	1.002898e-002	2.125235e-003
4.026754764225812e-003	9.967469e-003	2.161474e-003
4.027754764225813e-003	1.002898e-002	2.196760e-003
4.028754764225813e-003	9.967469e-003	2.230616e-003
4.029754764225813e-003	1.002898e-002	2.263994e-003
4.031754764225813e-003	1.002898e-002	2.330752e-003
4.034754764225814e-003	1.001993e-002	2.431666e-003
4.037754764225814e-003	1.001104e-002	2.532502e-003
4.040754764225814e-003	1.000230e-002	2.633261e-003
4.043754764225815e-003	9.993715e-003	2.733942e-003
4.046754764225815e-003	9.985287e-003	2.834545e-003
4.049754764225816e-003	9.977016e-003	2.935070e-003
4.052754764225816e-003	9.968900e-003	3.035517e-003
4.056754764225816e-003	9.969138e-003	3.167601e-003
4.102326192797251e-003	9.979580e-003	4.576645e-003
4.147897621368686e-003	9.988698e-003	5.884716e-003
4.193469049940121e-003	9.996493e-003	7.091815e-003
4.239040478511555e-003	1.000296e-002	8.197941e-003
4.284611907082989e-003	1.000811e-002	9.203094e-003
4.330183335654424e-003	1.001194e-002	1.010727e-002
4.375754764225859e-003	1.001444e-002	1.091048e-002
4.421611907083007e-003	1.000947e-002	1.165486e-002
4.467469049940157e-003	1.000472e-002	1.234565e-002
4.513326192797306e-003	1.000018e-002	1.298283e-002
4.559183335654454e-003	9.995851e-003	1.356641e-002
4.605040478511604e-003	9.991739e-003	1.409639e-002
4.650897621368753e-003	9.987842e-003	1.457277e-002
4.696754764225901e-003	9.984158e-003	1.499555e-002
4.739754764225907e-003	9.988202e-003	1.536235e-002
4.782754764225913e-003	9.992226e-003	1.570405e-002
4.825754764225919e-003	9.996230e-003	1.602064e-002
4.868754764225924e-003	1.000022e-002	1.631212e-002
4.911754764225930e-003	1.000418e-002	1.657850e-002
4.954754764225936e-003	1.000813e-002	1.681977e-002
4.997754764225941e-003	1.001205e-002	1.703593e-002
4.999000000000100e-003	1.001205e-002	1.704213e-002
4.999490471548416e-003	9.984397e-003	1.704452e-002
5.000000000000100e-003	1.001205e-002	1.702973e-002
5.001000000000100e-003	-1.001082e-002	1.687428e-002
5.001858576785176e-003	-1.000152e-002	1.648232e-002
5.002734052017462e-003	-9.997464e-003	1.568601e-002
5.003734052017462e-003	-1.000795e-002	1.433703e-002
5.004734052017462e-003	-9.995080e-003	1.266810e-002
5.005734052017462e-003	-1.000867e-002	1.082751e-002
5.006734052017462e-003	-9.995080e-003	8.954020e-003
5.007734052017462e-003	-1.000819e-002	7.146807e-003
5.008734052017462e-003	-9.995557e-003	5.471201e-003
5.009734052017462e-003	-1.000772e-002	3.965349e-003
5.010734052017463e-003	-9.995795e-003	2.646418e-003
5.011734052017463e-003	-1.000748e-002	1.516791e-003
5.012734052017463e-003	-9.996034e-003	5.674078e-004
5.013734052017463e-003	-1.000748e-002	-2.174662e-004
5.014734052017463e-003	-9.996034e-003	-8.569048e-004
5.015734052017463e-003	-1.000748e-002	-1.371412e-003
5.016734052017463e-003	-9.996034e-003	-1.781492e-003
5.017734052017464e-003	-1.000748e-002	-2.105741e-003
5.018734052017464e-003	-9.996034e-003	-2.360849e-003
5.019734052017464e-003	-1.000772e-002	-2.561121e-003
5.020734052017464e-003	-9.995795e-003	-2.718477e-003
5.021734052017464e-003	-1.000772e-002	-2.842932e-003
5.022734052017464e-003	-9.995795e-003	-2.941637e-003
5.023734052017464e-003	-1.000748e-002	-3.022222e-003
5.024734052017464e-003	-9.996034e-003	-3.088503e-003
5.025734052017465e-003	-1.000748e-002	-3.144293e-003
5.026734052017465e-003	-9.996034e-003	-3.193407e-003
5.027734052017465e-003	-1.000748e-002	-3.236799e-003
5.028734052017465e-003	-9.996034e-003	-3.276853e-003
5.029734052017465e-003	-1.000724e-002	-3.314047e-003
5.030734052017465e-003	-9.996272e-003	-3.349809e-003
5.031734052017465e-003	-1.000724e-002	-3.385095e-003
5.032734052017466e-003	-9.996272e-003	-3.419428e-003
5.034734052017466e-003	-9.996511e-003	-3.486662e-003
5.039162623446038e-003	-9.998608e-003	-3.635873e-003
5.043591194874610e-003	-1.000034e-002	-3.784189e-003
5.048019766303181e-003	-1.000169e-002	-3.931609e-003
5.052448337731754e-003	-1.000268e-002	-4.078134e-003
5.056876909160326e-003	-1.000330e-002	-4.223764e-003
5.061305480588898e-003	-1.000355e-002	-4.368499e-003
5.065734052017470e-003	-1.000342e-002	-4.512338e-003
5.078734052017472e-003	-1.000152e-002	-4.925756e-003
5.124305480588906e-003	-1.000367e-002	-6.269240e-003
5.169876909160341e-003	-1.000453e-002	-7.516461e-003
5.215448337731776e-003	-1.000412e-002	-8.667420e-003
5.261019766303211e-003	-1.000241e-002	-9.722115e-003
5.306591194874645e-003	-9.999425e-003	-1.068055e-002
5.352162623446079e-003	-9.995153e-003	-1.154272e-002
5.397734052017514e-003	-9.989597e-003	-1.230863e-002
5.443591194874663e-003	-9.992832e-003	-1.301847e-002
5.489448337731812e-003	-9.996204e-003	-1.367717e-002
5.535305480588961e-003	-9.999712e-003	-1.428472e-002
5.581162623446110e-003	-1.000336e-002	-1.484112e-002
5.627019766303259e-003	-1.000714e-002	-1.534637e-002
5.672876909160408e-003	-1.001105e-002	-1.580048e-002
5.718734052017557e-003	-1.001511e-002	-1.620343e-002
5.758772044586477e-003	-1.001129e-002	-1.653072e-002
5.798810037155397e-003	-1.000748e-002	-1.683683e-002
5.838848029724318e-003	-1.000366e-002	-1.712176e-002
5.878886022293238e-003	-9.999849e-003	-1.738552e-002
5.918924014862159e-003	-9.996034e-003	-1.762810e-002
5.958962007431080e-003	-9.992219e-003	-1.784951e-002
5.999000000000000e-003	-9.988404e-003	-1.804975e-002
5.999468104035188e-003	-1.001511e-002	-1.805213e-002
6.000000000000000e-003	-9.988404e-003	-1.805451e-002