Time	Vin	Vo
0.000000000000000e+000	-1.000176e-002	-2.047685e-002
9.999999960041972e-012	3.784322e-003	-2.047685e-002
1.834996718602044e-011	3.453873e-003	-2.047685e-002
3.504990163797737e-011	3.242873e-003	-2.047685e-002
6.844977054189123e-011	3.557347e-003	-2.047685e-002
1.352495083497190e-010	3.858947e-003	-2.047685e-002
2.535172844242440e-010	4.392289e-003	-2.047685e-002
4.310261625259824e-010	4.983329e-003	-2.047685e-002
7.249628776598101e-010	5.922459e-003	-2.047685e-002
1.312836307927465e-009	7.283114e-003	-2.047685e-002
2.488583168462776e-009	8.967303e-003	-2.047685e-002
4.548443662894195e-009	9.977959e-003	-2.047685e-002
6.896502637446952e-009	1.016297e-002	-2.047685e-002
1.059105110769836e-008	1.011457e-002	-2.047685e-002
1.798014804820118e-008	1.012268e-002	-2.047685e-002
2.661039106262899e-008	1.004901e-002	-2.047685e-002
3.824710576120436e-008	1.004615e-002	-2.047685e-002
5.786526065768459e-008	1.000132e-002	-2.047637e-002
9.710157045064508e-008	1.003542e-002	-2.047589e-002
1.755741900365660e-007	1.000442e-002	-2.047351e-002
3.325194292084080e-007	1.002207e-002	-2.045873e-002
6.464099075520917e-007	9.981297e-003	-2.036717e-002
1.274190864239460e-006	1.001396e-002	-1.990846e-002
2.274190864239460e-006	9.982728e-003	-1.854279e-002
3.274190864239459e-006	1.001348e-002	-1.651338e-002
4.274190864239459e-006	9.982966e-003	-1.399615e-002
5.274190864239459e-006	1.001325e-002	-1.127341e-002
6.274190864239459e-006	9.983205e-003	-8.558779e-003
7.274190864239458e-006	1.001325e-002	-5.982904e-003
8.274190864239458e-006	9.983205e-003	-3.610639e-003
9.274190864239459e-006	1.001325e-002	-1.463442e-003
1.027419086423946e-005	9.983205e-003	4.610731e-004
1.127419086423946e-005	1.001348e-002	2.176733e-003
1.227419086423946e-005	9.983205e-003	3.702612e-003
1.327419086423946e-005	1.001348e-002	5.059691e-003
1.427419086423946e-005	9.982966e-003	6.268473e-003
1.527419086423946e-005	1.001348e-002	7.347079e-003
1.627419086423946e-005	9.982966e-003	8.312674e-003
1.727419086423946e-005	1.001348e-002	9.179564e-003
1.827419086423946e-005	9.982966e-003	9.961100e-003
1.927419086423947e-005	1.001348e-002	1.066777e-002
2.027419086423947e-005	9.982966e-003	1.130864e-002
2.127419086423947e-005	1.001348e-002	1.189229e-002
2.227419086423947e-005	9.982966e-003	1.242492e-002
2.327419086423947e-005	1.001348e-002	1.291320e-002
2.427419086423947e-005	9.982966e-003	1.336143e-002
2.527419086423947e-005	1.001348e-002	1.377437e-002
2.627419086423947e-005	9.982966e-003	1.415536e-002
2.727419086423947e-005	1.001348e-002	1.450774e-002
2.827419086423947e-005	9.982966e-003	1.483390e-002
2.927419086423947e-005	1.001348e-002	1.513669e-002
3.027419086423947e-005	9.982966e-003	1.541802e-002
3.127419086423947e-005	1.001348e-002	1.567981e-002
3.227419086423947e-005	9.982966e-003	1.592347e-002
3.327419086423947e-005	1.001348e-002	1.615092e-002
3.427419086423946e-005	9.982966e-003	1.636264e-002
3.527419086423946e-005	1.001348e-002	1.656053e-002
3.627419086423946e-005	9.982966e-003	1.674554e-002
3.827419086423945e-005	9.982966e-003	1.707980e-002
4.027419086423945e-005	9.982966e-003	1.737258e-002
4.227419086423944e-005	9.982966e-003	1.762959e-002
4.427419086423944e-005	9.982966e-003	1.785419e-002
4.627419086423943e-005	9.982966e-003	1.805207e-002
4.827419086423942e-005	9.982966e-003	1.822516e-002
5.027419086423942e-005	9.982966e-003	1.837775e-002
5.227419086423941e-005	9.982966e-003	1.851174e-002
5.427419086423941e-005	9.982966e-003	1.862905e-002
5.627419086423940e-005	9.982966e-003	1.873252e-002
5.827419086423940e-005	9.982966e-003	1.882312e-002
6.027419086423939e-005	9.982966e-003	1.890275e-002
6.227419086423939e-005	9.982966e-003	1.897285e-002
6.427419086423939e-005	9.982966e-003	1.903436e-002
6.627419086423938e-005	9.982966e-003	1.908824e-002
6.827419086423938e-005	9.982966e-003	1.913592e-002
7.027419086423937e-005	9.982966e-003	1.917789e-002
7.227419086423936e-005	9.982966e-003	1.921412e-002
7.427419086423936e-005	9.982966e-003	1.924655e-002
7.627419086423935e-005	9.982966e-003	1.927468e-002
7.827419086423935e-005	9.982966e-003	1.929948e-002
8.027419086423934e-005	9.982966e-003	1.932094e-002
8.227419086423934e-005	9.982966e-003	1.934001e-002
8.427419086423933e-005	9.982966e-003	1.935718e-002
8.627419086423933e-005	9.982966e-003	1.937148e-002
8.827419086423932e-005	9.982966e-003	1.938483e-002
9.027419086423931e-005	9.982966e-003	1.939580e-002
9.227419086423931e-005	9.982966e-003	1.940581e-002
9.427419086423930e-005	9.982966e-003	1.941440e-002
9.627419086423930e-005	9.982966e-003	1.942203e-002
9.827419086423929e-005	9.982966e-003	1.942918e-002
1.002741908642393e-004	9.982966e-003	1.943490e-002
1.022741908642393e-004	9.982966e-003	1.944015e-002
1.042741908642393e-004	9.982966e-003	1.944444e-002
1.062741908642393e-004	9.982966e-003	1.944873e-002
1.082741908642393e-004	9.982966e-003	1.945207e-002
1.102741908642393e-004	9.982966e-003	1.945493e-002
1.122741908642393e-004	9.982966e-003	1.945779e-002
1.142741908642393e-004	9.982966e-003	1.946017e-002
1.162741908642392e-004	9.982966e-003	1.946208e-002
1.182741908642392e-004	9.982966e-003	1.946399e-002
1.202741908642392e-004	9.982966e-003	1.946542e-002
1.222741908642392e-004	9.982966e-003	1.946685e-002
1.242741908642392e-004	9.982966e-003	1.946828e-002
1.272741908642392e-004	1.001348e-002	1.946971e-002
1.302741908642392e-004	9.982966e-003	1.947114e-002
1.332741908642392e-004	1.001348e-002	1.947209e-002
1.362741908642392e-004	9.982966e-003	1.947305e-002
1.392741908642392e-004	1.001348e-002	1.947352e-002
1.422741908642392e-004	9.982966e-003	1.947448e-002
1.447027622928106e-004	9.987326e-003	1.947480e-002
1.471313337213820e-004	9.991686e-003	1.947508e-002
1.495599051499534e-004	9.996045e-003	1.947532e-002
1.519884765785249e-004	1.000040e-002	1.947553e-002
1.544170480070963e-004	1.000476e-002	1.947569e-002
1.568456194356677e-004	1.000912e-002	1.947582e-002
1.592741908642391e-004	1.001348e-002	1.947591e-002
1.628456194356677e-004	1.000912e-002	1.947628e-002
1.664170480070962e-004	1.000476e-002	1.947657e-002
1.699884765785248e-004	1.000040e-002	1.947678e-002
1.735599051499534e-004	9.996045e-003	1.947692e-002
1.771313337213819e-004	9.991686e-003	1.947698e-002
1.807027622928105e-004	9.987326e-003	1.947696e-002
1.842741908642391e-004	9.982966e-003	1.947686e-002
1.921313337213819e-004	9.987326e-003	1.947686e-002
1.999884765785247e-004	9.991686e-003	1.947686e-002
2.078456194356676e-004	9.996045e-003	1.947686e-002
2.157027622928104e-004	1.000040e-002	1.947686e-002
2.235599051499533e-004	1.000476e-002	1.947686e-002
2.314170480070961e-004	1.000912e-002	1.947686e-002
2.392741908642389e-004	1.001348e-002	1.947686e-002
9.990000000001001e-004	1.001325e-002	1.947686e-002
1.000000000000100e-003	9.983205e-003	1.945111e-002
1.001000000000100e-003	-9.981967e-003	1.928136e-002
1.002000000000100e-003	-1.002917e-002	1.876065e-002
1.002997037769343e-003	-9.969569e-003	1.773927e-002
1.003997037769343e-003	-1.003609e-002	1.622483e-002
1.004997037769342e-003	-9.966470e-003	1.434419e-002
1.005997037769342e-003	-1.003728e-002	1.223514e-002
1.006997037769342e-003	-9.966470e-003	1.000783e-002
1.007997037769342e-003	-1.003680e-002	7.745238e-003
1.008997037769342e-003	-9.966947e-003	5.506487e-003
1.009997037769342e-003	-1.003633e-002	3.333063e-003
1.010997037769342e-003	-9.967185e-003	1.255007e-003
1.011997037769342e-003	-1.003609e-002	-7.086084e-004
1.012997037769342e-003	-9.967424e-003	-2.546339e-003
1.013997037769342e-003	-1.003609e-002	-4.251985e-003
1.014997037769342e-003	-9.967424e-003	-5.823164e-003
1.015997037769342e-003	-1.003609e-002	-7.262735e-003
1.016997037769341e-003	-9.967424e-003	-8.574514e-003
1.017997037769341e-003	-1.003609e-002	-9.764700e-003
1.018997037769341e-003	-9.967424e-003	-1.083997e-002
1.019997037769341e-003	-1.003633e-002	-1.180890e-002
1.020997037769341e-003	-9.967185e-003	-1.267961e-002
1.021997037769341e-003	-1.003633e-002	-1.346019e-002
1.022997037769341e-003	-9.967185e-003	-1.415875e-002
1.023997037769341e-003	-1.003633e-002	-1.478293e-002
1.024997037769341e-003	-9.967424e-003	-1.534083e-002
1.025997037769341e-003	-1.003609e-002	-1.583865e-002
1.026997037769341e-003	-9.967424e-003	-1.628259e-002
1.027997037769341e-003	-1.003609e-002	-1.667932e-002
1.028997037769340e-003	-9.967424e-003	-1.703313e-002
1.029997037769340e-003	-1.003609e-002	-1.734975e-002
1.030997037769340e-003	-9.967662e-003	-1.763204e-002
1.031997037769340e-003	-1.003585e-002	-1.788571e-002
1.032997037769340e-003	-9.967662e-003	-1.811269e-002
1.033997037769340e-003	-1.003561e-002	-1.831630e-002
1.034997037769340e-003	-9.967900e-003	-1.849940e-002
1.035997037769340e-003	-1.003561e-002	-1.866391e-002
1.036997037769340e-003	-9.968139e-003	-1.881268e-002
1.037997037769340e-003	-1.003537e-002	-1.894715e-002
1.038997037769340e-003	-9.968139e-003	-1.906922e-002
1.039997037769340e-003	-1.003513e-002	-1.917985e-002
1.040997037769339e-003	-9.968377e-003	-1.927999e-002
1.041997037769339e-003	-1.003490e-002	-1.937106e-002
1.042997037769339e-003	-9.968616e-003	-1.945403e-002
1.043997037769339e-003	-1.003466e-002	-1.952985e-002
1.044997037769339e-003	-9.968854e-003	-1.959947e-002
1.045997037769339e-003	-1.003466e-002	-1.966336e-002
1.046997037769339e-003	-9.969093e-003	-1.972154e-002
1.047997037769339e-003	-1.003442e-002	-1.977542e-002
1.048997037769339e-003	-9.969331e-003	-1.982501e-002
1.049997037769339e-003	-1.003418e-002	-1.987031e-002
1.050997037769339e-003	-9.969569e-003	-1.991227e-002
1.051997037769339e-003	-1.003394e-002	-1.995137e-002
1.052997037769338e-003	-9.969808e-003	-1.998761e-002
1.053997037769338e-003	-1.003370e-002	-2.002051e-002
1.054997037769338e-003	-9.970046e-003	-2.005151e-002
1.055997037769338e-003	-1.003347e-002	-2.008012e-002
1.056997037769338e-003	-9.970285e-003	-2.010634e-002
1.057997037769338e-003	-1.003323e-002	-2.013114e-002
1.058997037769338e-003	-9.970523e-003	-2.015403e-002
1.059997037769338e-003	-1.003299e-002	-2.017549e-002
1.060997037769338e-003	-9.970761e-003	-2.019551e-002
1.061997037769338e-003	-1.003275e-002	-2.021363e-002
1.062997037769338e-003	-9.971000e-003	-2.023080e-002
1.063997037769338e-003	-1.003251e-002	-2.024701e-002
1.064997037769337e-003	-9.971238e-003	-2.026227e-002
1.066997037769337e-003	-9.971477e-003	-2.028897e-002
1.068997037769337e-003	-9.971715e-003	-2.031281e-002
1.070997037769337e-003	-9.971954e-003	-2.033284e-002
1.072997037769337e-003	-9.972192e-003	-2.035096e-002
1.074997037769337e-003	-9.972430e-003	-2.036670e-002
1.076997037769336e-003	-9.972669e-003	-2.038053e-002
1.078997037769336e-003	-9.972907e-003	-2.039245e-002
1.080997037769336e-003	-9.973146e-003	-2.040294e-002
1.082997037769336e-003	-9.973146e-003	-2.041200e-002
1.084997037769336e-003	-9.973384e-003	-2.041963e-002
1.086997037769336e-003	-9.973622e-003	-2.042678e-002
1.088997037769335e-003	-9.973861e-003	-2.043298e-002
1.090997037769335e-003	-9.974099e-003	-2.043870e-002
1.092997037769335e-003	-9.974338e-003	-2.044299e-002
1.094997037769335e-003	-9.974576e-003	-2.044728e-002
1.096997037769335e-003	-9.974576e-003	-2.045110e-002
1.098997037769335e-003	-9.974815e-003	-2.045396e-002
1.100997037769334e-003	-9.975053e-003	-2.045682e-002
1.102997037769334e-003	-9.975291e-003	-2.045920e-002
1.104997037769334e-003	-9.975291e-003	-2.046159e-002
1.106997037769334e-003	-9.975530e-003	-2.046350e-002
1.108997037769334e-003	-9.975768e-003	-2.046493e-002
1.110997037769334e-003	-9.976007e-003	-2.046636e-002
1.112997037769333e-003	-9.976007e-003	-2.046779e-002
1.114997037769333e-003	-9.976245e-003	-2.046874e-002
1.117997037769333e-003	-1.002703e-002	-2.047017e-002
1.120997037769333e-003	-9.976722e-003	-2.047160e-002
1.123997037769332e-003	-1.002655e-002	-2.047255e-002
1.126997037769332e-003	-9.977199e-003	-2.047303e-002
1.129997037769332e-003	-1.002607e-002	-2.047399e-002
1.132997037769332e-003	-9.977676e-003	-2.047446e-002
1.135568466340760e-003	-9.992409e-003	-2.047478e-002
1.138139894912188e-003	-1.000228e-002	-2.047507e-002
1.140711323483617e-003	-1.000728e-002	-2.047531e-002
1.143282752055045e-003	-1.000741e-002	-2.047551e-002
1.145854180626473e-003	-1.000269e-002	-2.047568e-002
1.148425609197902e-003	-9.993090e-003	-2.047581e-002
1.150997037769330e-003	-9.978629e-003	-2.047589e-002
1.154854180626473e-003	-9.985500e-003	-2.047603e-002
1.158711323483615e-003	-9.992214e-003	-2.047617e-002
1.162568466340758e-003	-9.998773e-003	-2.047630e-002
1.166425609197900e-003	-1.000518e-002	-2.047644e-002
1.170282752055043e-003	-1.001142e-002	-2.047657e-002
1.174139894912185e-003	-1.001752e-002	-2.047671e-002
1.177997037769328e-003	-1.002345e-002	-2.047685e-002
1.187425609197899e-003	-1.001062e-002	-2.047685e-002
1.196854180626469e-003	-1.000195e-002	-2.047685e-002
1.206282752055040e-003	-9.997440e-003	-2.047685e-002
1.215711323483611e-003	-9.997099e-003	-2.047685e-002
1.225139894912181e-003	-1.000092e-002	-2.047685e-002
1.234568466340752e-003	-1.000891e-002	-2.047685e-002
1.243997037769322e-003	-1.002107e-002	-2.047685e-002
1.997997037769269e-003	-1.001654e-002	-2.047685e-002
1.998997037769269e-003	-9.986974e-003	-2.047685e-002
1.999000000000000e-003	-1.001654e-002	-2.047685e-002
1.999005924461462e-003	-9.987212e-003	-2.047685e-002
1.999017773384387e-003	-1.001630e-002	-2.047685e-002
1.999041471230235e-003	-9.987212e-003	-2.047685e-002
1.999088866921933e-003	-1.001630e-002	-2.047685e-002
1.999183658305329e-003	-9.987212e-003	-2.047685e-002
1.999373241072119e-003	-1.001630e-002	-2.047685e-002
1.999620834466418e-003	-9.987212e-003	-2.047685e-002
2.000000000000000e-003	-1.001630e-002	-2.046636e-002
2.000758331067163e-003	1.000585e-002	-2.036431e-002
2.001392464300682e-003	1.000180e-002	-2.009109e-002
2.002048085170444e-003	9.990834e-003	-1.945546e-002
2.002911577344931e-003	1.000609e-002	-1.806024e-002
2.003911577344931e-003	9.990357e-003	-1.587012e-002
2.004911577344931e-003	1.000585e-002	-1.329568e-002
2.005911577344931e-003	9.990834e-003	-1.057294e-002
2.006911577344931e-003	1.000562e-002	-7.893114e-003
2.007911577344931e-003	9.991073e-003	-5.369692e-003
2.008911577344931e-003	1.000514e-002	-3.055124e-003
2.009911577344932e-003	9.991311e-003	-9.646700e-004
2.010911577344932e-003	1.000514e-002	9.059622e-004
2.011911577344932e-003	9.991311e-003	2.572985e-003
2.012911577344932e-003	1.000538e-002	4.055948e-003
2.013911577344932e-003	9.991073e-003	5.375357e-003
2.014911577344932e-003	1.000538e-002	6.550760e-003
2.015911577344932e-003	9.991073e-003	7.600756e-003
2.016911577344932e-003	1.000562e-002	8.541079e-003
2.017911577344933e-003	9.990834e-003	9.386511e-003
2.018911577344933e-003	1.000562e-002	1.014850e-002
2.019911577344933e-003	9.990834e-003	1.083800e-002
2.020911577344933e-003	1.000562e-002	1.146409e-002
2.021911577344933e-003	9.990834e-003	1.203486e-002
2.022911577344933e-003	1.000585e-002	1.255605e-002
2.023911577344933e-003	9.990834e-003	1.303384e-002
2.024911577344934e-003	1.000585e-002	1.347301e-002
2.025911577344934e-003	9.990834e-003	1.387736e-002
2.026911577344934e-003	1.000562e-002	1.425073e-002
2.027911577344934e-003	9.990834e-003	1.459643e-002
2.028911577344934e-003	1.000562e-002	1.491639e-002
2.029911577344934e-003	9.990834e-003	1.521346e-002
2.030911577344934e-003	1.000562e-002	1.548955e-002
2.031911577344934e-003	9.991073e-003	1.574657e-002
2.032911577344935e-003	1.000538e-002	1.598594e-002
2.033911577344935e-003	9.991073e-003	1.620862e-002
2.034911577344935e-003	1.000538e-002	1.641700e-002
2.035911577344935e-003	9.991311e-003	1.661155e-002
2.036911577344935e-003	1.000514e-002	1.679275e-002
2.038911577344935e-003	1.000490e-002	1.712176e-002
2.040911577344936e-003	1.000490e-002	1.740930e-002
2.042911577344936e-003	1.000466e-002	1.766154e-002
2.044911577344936e-003	1.000442e-002	1.788280e-002
2.046911577344936e-003	1.000419e-002	1.807687e-002
2.048911577344937e-003	1.000395e-002	1.824710e-002
2.050911577344937e-003	1.000371e-002	1.839683e-002
2.052911577344937e-003	1.000371e-002	1.852843e-002
2.054911577344938e-003	1.000347e-002	1.864383e-002
2.056911577344938e-003	1.000323e-002	1.874539e-002
2.058911577344938e-003	1.000299e-002	1.883456e-002
2.060911577344938e-003	1.000276e-002	1.891276e-002
2.062911577344939e-003	1.000252e-002	1.898191e-002
2.064911577344939e-003	1.000228e-002	1.904199e-002
2.066911577344939e-003	1.000204e-002	1.909539e-002
2.068911577344939e-003	1.000180e-002	1.914165e-002
2.070911577344940e-003	1.000156e-002	1.918265e-002
2.072911577344940e-003	1.000132e-002	1.921889e-002
2.074911577344940e-003	1.000109e-002	1.925036e-002
2.076911577344940e-003	1.000085e-002	1.927802e-002
2.078911577344941e-003	1.000061e-002	1.930282e-002
2.080911577344941e-003	1.000061e-002	1.932380e-002
2.082911577344941e-003	1.000037e-002	1.934287e-002
2.084911577344941e-003	1.000013e-002	1.935908e-002
2.086911577344942e-003	9.999894e-003	1.937339e-002
2.088911577344942e-003	9.999656e-003	1.938626e-002
2.090911577344942e-003	9.999417e-003	1.939723e-002
2.092911577344943e-003	9.999179e-003	1.940724e-002
2.094911577344943e-003	9.999179e-003	1.941583e-002
2.096911577344943e-003	9.998940e-003	1.942346e-002
2.098911577344943e-003	9.998702e-003	1.942966e-002
2.100911577344944e-003	9.998463e-003	1.943585e-002
2.102911577344944e-003	9.998225e-003	1.944062e-002
2.104911577344944e-003	9.998225e-003	1.944539e-002
2.106911577344944e-003	9.997987e-003	1.944921e-002
2.108911577344945e-003	9.997748e-003	1.945254e-002
2.110911577344945e-003	9.997510e-003	1.945540e-002
2.112911577344945e-003	9.997510e-003	1.945827e-002
2.114911577344945e-003	9.997271e-003	1.946065e-002
2.116911577344946e-003	9.997033e-003	1.946256e-002
2.118911577344946e-003	9.997033e-003	1.946446e-002
2.120911577344946e-003	9.996795e-003	1.946589e-002
2.122911577344947e-003	9.996556e-003	1.946733e-002
2.124911577344947e-003	9.996556e-003	1.946828e-002
2.127911577344947e-003	1.000037e-002	1.947019e-002
2.130911577344948e-003	9.996079e-003	1.947114e-002
2.133911577344948e-003	1.000061e-002	1.947209e-002
2.136911577344948e-003	9.995602e-003	1.947305e-002
2.139911577344949e-003	1.000109e-002	1.947400e-002
2.142911577344949e-003	9.995126e-003	1.947448e-002
2.145340148773521e-003	9.995773e-003	1.947475e-002
2.147768720202093e-003	9.996556e-003	1.947502e-002
2.150197291630665e-003	9.997476e-003	1.947530e-002
2.152625863059236e-003	9.998532e-003	1.947557e-002
2.155054434487808e-003	9.999724e-003	1.947584e-002
2.157483005916380e-003	1.000105e-002	1.947611e-002
2.159911577344951e-003	1.000252e-002	1.947639e-002
2.163625863059238e-003	9.999685e-003	1.947657e-002
2.167340148773524e-003	9.997865e-003	1.947672e-002
2.171054434487810e-003	9.997057e-003	1.947682e-002
2.174768720202096e-003	9.997262e-003	1.947689e-002
2.178483005916383e-003	9.998478e-003	1.947692e-002
2.182197291630669e-003	1.000071e-002	1.947691e-002
2.185911577344955e-003	1.000395e-002	1.947686e-002
2.194054434487813e-003	1.000267e-002	1.947686e-002
2.202197291630671e-003	1.000116e-002	1.947686e-002
2.210340148773529e-003	9.999422e-003	1.947686e-002
2.218483005916388e-003	9.997447e-003	1.947686e-002
2.226625863059246e-003	9.995238e-003	1.947686e-002
2.234768720202104e-003	9.992795e-003	1.947686e-002
2.242911577344962e-003	9.990119e-003	1.947686e-002
2.997911577345063e-003	1.001253e-002	1.947686e-002
2.998911577345063e-003	9.983920e-003	1.947686e-002
2.999176845310175e-003	9.983920e-003	1.947686e-002
2.999530535930324e-003	1.001253e-002	1.947686e-002
3.000000000000100e-003	9.940528e-003	1.946208e-002
3.000938928139652e-003	-9.982206e-003	1.932237e-002
3.001733790572977e-003	-1.003084e-002	1.897809e-002
3.002553148048313e-003	-9.967662e-003	1.825282e-002
3.003553148048313e-003	-1.003728e-002	1.689479e-002
3.004553148048313e-003	-9.965755e-003	1.514241e-002
3.005553148048313e-003	-1.003776e-002	1.310918e-002
3.006553148048313e-003	-9.965993e-003	1.091764e-002
3.007553148048313e-003	-1.003728e-002	8.661242e-003
3.008553148048313e-003	-9.966470e-003	6.407232e-003
3.009553148048314e-003	-1.003680e-002	4.203768e-003
3.010553148048314e-003	-9.966708e-003	2.084704e-003
3.011553148048314e-003	-1.003656e-002	7.340450e-005
3.012553148048314e-003	-9.966947e-003	-1.815824e-003
3.013553148048314e-003	-1.003656e-002	-3.574877e-003
3.014553148048314e-003	-9.966947e-003	-5.199938e-003
3.015553148048314e-003	-1.003656e-002	-6.691961e-003
3.016553148048314e-003	-9.966947e-003	-8.054285e-003
3.017553148048315e-003	-1.003680e-002	-9.292631e-003
3.018553148048315e-003	-9.966708e-003	-1.041368e-002
3.019553148048315e-003	-1.003680e-002	-1.142457e-002
3.020553148048315e-003	-9.966708e-003	-1.233342e-002
3.021553148048315e-003	-1.003680e-002	-1.314929e-002
3.022553148048315e-003	-9.966708e-003	-1.388028e-002
3.023553148048315e-003	-1.003680e-002	-1.453355e-002
3.024553148048316e-003	-9.966947e-003	-1.511767e-002
3.025553148048316e-003	-1.003656e-002	-1.563886e-002
3.026553148048316e-003	-9.966947e-003	-1.610425e-002
3.027553148048316e-003	-1.003656e-002	-1.651957e-002
3.028553148048316e-003	-9.966947e-003	-1.689008e-002
3.029553148048316e-003	-1.003633e-002	-1.722148e-002
3.030553148048316e-003	-9.967185e-003	-1.751760e-002
3.031553148048316e-003	-1.003633e-002	-1.778272e-002
3.032553148048317e-003	-9.967424e-003	-1.802018e-002
3.033553148048317e-003	-1.003609e-002	-1.823285e-002
3.034553148048317e-003	-9.967424e-003	-1.842454e-002
3.035553148048317e-003	-1.003585e-002	-1.859668e-002
3.036553148048317e-003	-9.967662e-003	-1.875165e-002
3.037553148048317e-003	-1.003585e-002	-1.889184e-002
3.038553148048317e-003	-9.967900e-003	-1.901868e-002
3.039553148048318e-003	-1.003561e-002	-1.913360e-002
3.040553148048318e-003	-9.968139e-003	-1.923802e-002
3.041553148048318e-003	-1.003537e-002	-1.933291e-002
3.042553148048318e-003	-9.968377e-003	-1.941922e-002
3.043553148048318e-003	-1.003513e-002	-1.949838e-002
3.044553148048318e-003	-9.968616e-003	-1.957038e-002
3.045553148048318e-003	-1.003490e-002	-1.963666e-002
3.046553148048318e-003	-9.968854e-003	-1.969722e-002
3.047553148048319e-003	-1.003466e-002	-1.975301e-002
3.048553148048319e-003	-9.969093e-003	-1.980403e-002
3.049553148048319e-003	-1.003442e-002	-1.985124e-002
3.050553148048319e-003	-9.969331e-003	-1.989463e-002
3.051553148048319e-003	-1.003418e-002	-1.993516e-002
3.052553148048319e-003	-9.969569e-003	-1.997235e-002
3.053553148048319e-003	-1.003394e-002	-2.000669e-002
3.054553148048320e-003	-9.969808e-003	-2.003816e-002
3.055553148048320e-003	-1.003370e-002	-2.006772e-002
3.056553148048320e-003	-9.970046e-003	-2.009538e-002
3.057553148048320e-003	-1.003323e-002	-2.012065e-002
3.058553148048320e-003	-9.970285e-003	-2.014449e-002
3.059553148048320e-003	-1.003299e-002	-2.016643e-002
3.060553148048320e-003	-9.970523e-003	-2.018693e-002
3.061553148048320e-003	-1.003275e-002	-2.020600e-002
3.062553148048321e-003	-9.970761e-003	-2.022365e-002
3.063553148048321e-003	-1.003251e-002	-2.024034e-002
3.064553148048321e-003	-9.971000e-003	-2.025559e-002
3.066553148048321e-003	-9.971238e-003	-2.028325e-002
3.068553148048321e-003	-9.971477e-003	-2.030757e-002
3.070553148048322e-003	-9.971715e-003	-2.032903e-002
3.072553148048322e-003	-9.972192e-003	-2.034715e-002
3.074553148048322e-003	-9.972430e-003	-2.036336e-002
3.076553148048322e-003	-9.972669e-003	-2.037766e-002
3.078553148048323e-003	-9.972907e-003	-2.038959e-002
3.080553148048323e-003	-9.973146e-003	-2.040055e-002
3.082553148048323e-003	-9.973146e-003	-2.041009e-002
3.084553148048324e-003	-9.973384e-003	-2.041820e-002
3.086553148048324e-003	-9.973622e-003	-2.042535e-002
3.088553148048324e-003	-9.973861e-003	-2.043202e-002
3.090553148048324e-003	-9.974099e-003	-2.043727e-002
3.092553148048325e-003	-9.974338e-003	-2.044204e-002
3.094553148048325e-003	-9.974576e-003	-2.044633e-002
3.096553148048325e-003	-9.974815e-003	-2.045014e-002
3.098553148048325e-003	-9.975053e-003	-2.045348e-002
3.100553148048326e-003	-9.975053e-003	-2.045634e-002
3.102553148048326e-003	-9.975291e-003	-2.045873e-002
3.104553148048326e-003	-9.975530e-003	-2.046111e-002
3.106553148048326e-003	-9.975768e-003	-2.046302e-002
3.108553148048327e-003	-9.976007e-003	-2.046493e-002
3.110553148048327e-003	-9.976007e-003	-2.046636e-002
3.112553148048327e-003	-9.976245e-003	-2.046731e-002
3.114553148048327e-003	-9.976483e-003	-2.046874e-002
3.117553148048328e-003	-1.002679e-002	-2.047017e-002
3.120553148048328e-003	-9.976960e-003	-2.047112e-002
3.123553148048329e-003	-1.002631e-002	-2.047208e-002
3.126553148048329e-003	-9.977437e-003	-2.047303e-002
3.129553148048329e-003	-1.002584e-002	-2.047351e-002
3.132553148048330e-003	-9.977914e-003	-2.047446e-002
3.134981719476902e-003	-9.984940e-003	-2.047478e-002
3.137410290905474e-003	-9.991849e-003	-2.047507e-002
3.139838862334045e-003	-9.998642e-003	-2.047531e-002
3.142267433762617e-003	-1.000532e-002	-2.047551e-002
3.144696005191188e-003	-1.001188e-002	-2.047568e-002
3.147124576619761e-003	-1.001832e-002	-2.047581e-002
3.149553148048332e-003	-1.002464e-002	-2.047589e-002
3.153267433762618e-003	-1.001092e-002	-2.047608e-002
3.156981719476904e-003	-1.000169e-002	-2.047622e-002
3.160696005191191e-003	-9.996953e-003	-2.047633e-002
3.164410290905477e-003	-9.996715e-003	-2.047640e-002
3.168124576619763e-003	-1.000097e-002	-2.047643e-002
3.171838862334049e-003	-1.000973e-002	-2.047642e-002
3.175553148048336e-003	-1.002298e-002	-2.047637e-002
3.184124576619765e-003	-1.001037e-002	-2.047655e-002
3.192696005191195e-003	-1.000186e-002	-2.047670e-002
3.201267433762625e-003	-9.997430e-003	-2.047681e-002
3.209838862334054e-003	-9.997090e-003	-2.047688e-002
3.218410290905484e-003	-1.000084e-002	-2.047690e-002
3.226981719476914e-003	-1.000867e-002	-2.047690e-002
3.235553148048344e-003	-1.002059e-002	-2.047685e-002
3.998553148048444e-003	-9.987689e-003	-2.047685e-002
3.999000000000000e-003	-1.001582e-002	-2.047685e-002
3.999318888290667e-003	-1.001582e-002	-2.047685e-002
3.999574815612444e-003	-9.987689e-003	-2.047685e-002
4.000000000000000e-003	-1.001582e-002	-2.046302e-002
4.000850368775111e-003	1.000657e-002	-2.032617e-002
4.001567246838443e-003	9.999417e-003	-1.996234e-002
4.002307196891751e-003	9.993218e-003	-1.913836e-002
4.003267297781474e-003	1.000419e-002	-1.742557e-002
4.004267297781474e-003	9.992265e-003	-1.510146e-002
4.005267297781474e-003	1.000419e-002	-1.245835e-002
4.006267297781474e-003	9.992503e-003	-9.733705e-003
4.007267297781474e-003	1.000371e-002	-7.093935e-003
4.008267297781474e-003	9.992980e-003	-4.631548e-003
4.009267297781474e-003	1.000347e-002	-2.386598e-003
4.010267297781475e-003	9.992980e-003	-3.652857e-004
4.011267297781475e-003	1.000347e-002	1.440497e-003
4.012267297781475e-003	9.992980e-003	3.048392e-003
4.013267297781475e-003	1.000347e-002	4.478903e-003
4.014267297781475e-003	9.992980e-003	5.752058e-003
4.015267297781475e-003	1.000371e-002	6.886931e-003
4.016267297781475e-003	9.992741e-003	7.901163e-003
4.017267297781475e-003	1.000371e-002	8.810492e-003
4.018267297781476e-003	9.992741e-003	9.628744e-003
4.019267297781476e-003	1.000371e-002	1.036784e-002
4.020267297781476e-003	9.992741e-003	1.103684e-002
4.021267297781476e-003	1.000395e-002	1.164529e-002
4.022267297781476e-003	9.992503e-003	1.219985e-002
4.023267297781476e-003	1.000395e-002	1.270721e-002
4.024267297781476e-003	9.992503e-003	1.317260e-002
4.025267297781477e-003	1.000395e-002	1.360080e-002
4.026267297781477e-003	9.992503e-003	1.399562e-002
4.027267297781477e-003	1.000395e-002	1.435992e-002
4.028267297781477e-003	9.992503e-003	1.469705e-002
4.029267297781477e-003	1.000395e-002	1.500985e-002
4.030267297781477e-003	9.992741e-003	1.530025e-002
4.031267297781477e-003	1.000371e-002	1.557014e-002
4.032267297781477e-003	9.992741e-003	1.582143e-002
4.033267297781478e-003	1.000371e-002	1.605556e-002
4.034267297781478e-003	9.992980e-003	1.627395e-002
4.035267297781478e-003	1.000347e-002	1.647803e-002
4.036267297781478e-003	9.992980e-003	1.666877e-002
4.038267297781478e-003	9.993218e-003	1.701304e-002
4.040267297781479e-003	9.993218e-003	1.731393e-002
4.042267297781479e-003	9.993457e-003	1.757762e-002
4.044267297781479e-003	9.993695e-003	1.780936e-002
4.046267297781479e-003	9.993695e-003	1.801250e-002
4.048267297781480e-003	9.993934e-003	1.819083e-002
4.050267297781480e-003	9.994172e-003	1.834723e-002
4.052267297781480e-003	9.994410e-003	1.848456e-002
4.054267297781480e-003	9.994410e-003	1.860568e-002
4.056267297781481e-003	9.994649e-003	1.871154e-002
4.057267297781481e-003	1.000156e-002	1.875970e-002
4.059267297781481e-003	1.000156e-002	1.884696e-002
4.061267297781481e-003	1.000132e-002	1.892421e-002
4.063267297781482e-003	1.000109e-002	1.899144e-002
4.065267297781482e-003	1.000085e-002	1.905057e-002
4.067267297781482e-003	1.000061e-002	1.910254e-002
4.069267297781482e-003	1.000037e-002	1.914832e-002
4.071267297781483e-003	1.000037e-002	1.918838e-002
4.073267297781483e-003	1.000013e-002	1.922366e-002
4.075267297781483e-003	9.999894e-003	1.925513e-002
4.077267297781483e-003	9.999656e-003	1.928184e-002
4.079267297781484e-003	9.999417e-003	1.930615e-002
4.081267297781484e-003	9.999179e-003	1.932714e-002
4.083267297781484e-003	9.999179e-003	1.934526e-002
4.085267297781484e-003	9.998940e-003	1.936147e-002
4.087267297781485e-003	9.998702e-003	1.937530e-002
4.089267297781485e-003	9.998463e-003	1.938817e-002
4.091267297781485e-003	9.998463e-003	1.939914e-002
4.093267297781486e-003	9.998225e-003	1.940867e-002
4.095267297781486e-003	9.997987e-003	1.941678e-002
4.097267297781486e-003	9.997748e-003	1.942441e-002
4.099267297781486e-003	9.997748e-003	1.943061e-002
4.101267297781487e-003	9.997510e-003	1.943633e-002
4.103267297781487e-003	9.997271e-003	1.944158e-002
4.105267297781487e-003	9.997271e-003	1.944587e-002
4.107267297781487e-003	9.997033e-003	1.944968e-002
4.109267297781488e-003	9.996795e-003	1.945302e-002
4.111267297781488e-003	9.996795e-003	1.945588e-002
4.113267297781488e-003	9.996556e-003	1.945874e-002
4.115267297781488e-003	9.996318e-003	1.946065e-002
4.117267297781489e-003	9.996318e-003	1.946303e-002
4.119267297781489e-003	9.996079e-003	1.946446e-002
4.121267297781489e-003	9.995841e-003	1.946589e-002
4.123267297781490e-003	9.995841e-003	1.946733e-002
4.125267297781490e-003	9.995602e-003	1.946876e-002
4.128267297781490e-003	1.000109e-002	1.947019e-002
4.131267297781491e-003	9.995364e-003	1.947114e-002
4.134267297781491e-003	1.000132e-002	1.947257e-002
4.137267297781491e-003	9.994887e-003	1.947305e-002
4.140267297781492e-003	1.000180e-002	1.947400e-002
4.143267297781492e-003	9.994410e-003	1.947448e-002
4.145695869210064e-003	9.995286e-003	1.947475e-002
4.148124440638635e-003	9.996279e-003	1.947502e-002
4.150553012067207e-003	9.997388e-003	1.947530e-002
4.152981583495780e-003	9.998614e-003	1.947557e-002
4.155410154924351e-003	9.999957e-003	1.947584e-002
4.157838726352923e-003	1.000142e-002	1.947611e-002
4.160267297781494e-003	1.000299e-002	1.947639e-002
4.163981583495781e-003	9.999836e-003	1.947657e-002
4.167695869210067e-003	9.997787e-003	1.947672e-002
4.171410154924353e-003	9.996848e-003	1.947682e-002
4.175124440638639e-003	9.997018e-003	1.947689e-002
4.178838726352926e-003	9.998298e-003	1.947692e-002
4.182553012067211e-003	1.000069e-002	1.947691e-002
4.186267297781498e-003	1.000419e-002	1.947686e-002
4.194553012067213e-003	1.000021e-002	1.947686e-002
4.202838726352929e-003	9.997666e-003	1.947686e-002
4.211124440638644e-003	9.996566e-003	1.947686e-002
4.219410154924360e-003	9.996906e-003	1.947686e-002
4.227695869210075e-003	9.998687e-003	1.947686e-002
4.235981583495791e-003	1.000191e-002	1.947686e-002
4.244267297781506e-003	1.000657e-002	1.947686e-002
4.999000000000100e-003	9.984635e-003	1.947686e-002
5.000000000000100e-003	1.001205e-002	1.945111e-002
5.001000000000100e-003	-1.001082e-002	1.928136e-002
5.002000000000100e-003	-1.000056e-002	1.876065e-002
5.002997041138673e-003	-9.998418e-003	1.773927e-002
5.003997041138673e-003	-1.000724e-002	1.622483e-002
5.004997041138673e-003	-9.995319e-003	1.434419e-002
5.005997041138673e-003	-1.000843e-002	1.223514e-002
5.006997041138673e-003	-9.995319e-003	1.000783e-002
5.007997041138673e-003	-1.000819e-002	7.745238e-003
5.008997041138674e-003	-9.995795e-003	5.506487e-003
5.009997041138674e-003	-1.000772e-002	3.333063e-003
5.010997041138674e-003	-9.996034e-003	1.255007e-003
5.011997041138674e-003	-1.000748e-002	-7.086084e-004
5.012997041138674e-003	-9.996272e-003	-2.546339e-003
5.013997041138674e-003	-1.000724e-002	-4.251985e-003
5.014997041138674e-003	-9.996272e-003	-5.823164e-003
5.015997041138674e-003	-1.000724e-002	-7.262735e-003
5.016997041138675e-003	-9.996272e-003	-8.574514e-003
5.017997041138675e-003	-1.000748e-002	-9.764700e-003
5.018997041138675e-003	-9.996034e-003	-1.083997e-002
5.019997041138675e-003	-1.000748e-002	-1.180890e-002
5.020997041138675e-003	-9.996034e-003	-1.267961e-002
5.021997041138675e-003	-1.000748e-002	-1.346019e-002
5.022997041138675e-003	-9.996034e-003	-1.415875e-002
5.023997041138676e-003	-1.000748e-002	-1.478293e-002
5.024997041138676e-003	-9.996034e-003	-1.534083e-002
5.025997041138676e-003	-1.000748e-002	-1.583865e-002
5.026997041138676e-003	-9.996272e-003	-1.628259e-002
5.027997041138676e-003	-1.000724e-002	-1.667932e-002
5.028997041138676e-003	-9.996272e-003	-1.703313e-002
5.029997041138676e-003	-1.000724e-002	-1.734975e-002
5.030997041138676e-003	-9.996272e-003	-1.763204e-002
5.031997041138677e-003	-1.000700e-002	-1.788571e-002
5.032997041138677e-003	-9.996511e-003	-1.811269e-002
5.033997041138677e-003	-1.000700e-002	-1.831630e-002
5.034997041138677e-003	-9.996749e-003	-1.849940e-002
5.035997041138677e-003	-1.000676e-002	-1.866391e-002
5.036997041138677e-003	-9.996749e-003	-1.881268e-002
5.037997041138677e-003	-1.000652e-002	-1.894715e-002
5.038997041138678e-003	-9.996987e-003	-1.906922e-002
5.039997041138678e-003	-1.000652e-002	-1.917985e-002
5.040997041138678e-003	-9.997226e-003	-1.927999e-002
5.041997041138678e-003	-1.000629e-002	-1.937106e-002
5.042997041138678e-003	-9.997464e-003	-1.945403e-002
5.043997041138678e-003	-1.000605e-002	-1.952985e-002
5.044997041138678e-003	-9.997703e-003	-1.959947e-002
5.045997041138678e-003	-1.000581e-002	-1.966336e-002
5.046997041138679e-003	-9.997941e-003	-1.972154e-002
5.047997041138679e-003	-1.000557e-002	-1.977542e-002
5.048997041138679e-003	-9.998180e-003	-1.982501e-002
5.049997041138679e-003	-1.000533e-002	-1.987031e-002
5.050997041138679e-003	-9.998418e-003	-1.991227e-002
5.051997041138679e-003	-1.000509e-002	-1.995137e-002
5.052997041138679e-003	-9.998656e-003	-1.998761e-002
5.053997041138679e-003	-1.000486e-002	-2.002051e-002
5.054997041138680e-003	-9.998895e-003	-2.005151e-002
5.055997041138680e-003	-1.000462e-002	-2.008012e-002
5.056997041138680e-003	-9.998895e-003	-2.010634e-002
5.057997041138680e-003	-1.000438e-002	-2.013114e-002
5.058997041138680e-003	-9.999133e-003	-2.015403e-002
5.059997041138680e-003	-1.000414e-002	-2.017549e-002
5.060997041138680e-003	-9.999372e-003	-2.019551e-002
5.061997041138681e-003	-1.000390e-002	-2.021363e-002
5.062997041138681e-003	-9.999610e-003	-2.023080e-002
5.063997041138681e-003	-1.000366e-002	-2.024701e-002
5.064997041138681e-003	-9.999849e-003	-2.026227e-002
5.066997041138681e-003	-1.000009e-002	-2.028897e-002
5.068997041138681e-003	-1.000033e-002	-2.031281e-002
5.070997041138682e-003	-1.000056e-002	-2.033284e-002
5.072997041138682e-003	-1.000080e-002	-2.035096e-002
5.074997041138682e-003	-1.000104e-002	-2.036670e-002
5.076997041138683e-003	-1.000128e-002	-2.038053e-002
5.078997041138683e-003	-1.000152e-002	-2.039245e-002
5.080997041138683e-003	-1.000176e-002	-2.040294e-002
5.082997041138683e-003	-1.000199e-002	-2.041200e-002
5.084997041138684e-003	-1.000223e-002	-2.041963e-002
5.086997041138684e-003	-1.000247e-002	-2.042678e-002
5.088997041138684e-003	-1.000271e-002	-2.043298e-002
5.090997041138684e-003	-1.000271e-002	-2.043870e-002
5.092997041138685e-003	-1.000295e-002	-2.044299e-002
5.094997041138685e-003	-1.000319e-002	-2.044728e-002
5.096997041138685e-003	-1.000342e-002	-2.045110e-002
5.098997041138685e-003	-1.000366e-002	-2.045396e-002
5.100997041138686e-003	-1.000366e-002	-2.045682e-002
5.102997041138686e-003	-1.000390e-002	-2.045920e-002
5.104997041138686e-003	-1.000414e-002	-2.046159e-002
5.106997041138687e-003	-1.000438e-002	-2.046350e-002
5.108997041138687e-003	-1.000438e-002	-2.046493e-002
5.110997041138687e-003	-1.000462e-002	-2.046636e-002
5.112997041138687e-003	-1.000486e-002	-2.046779e-002
5.114997041138688e-003	-1.000486e-002	-2.046874e-002
5.117997041138688e-003	-9.998418e-003	-2.047017e-002
5.120997041138688e-003	-1.000533e-002	-2.047160e-002
5.123997041138689e-003	-9.997941e-003	-2.047255e-002
5.126997041138689e-003	-1.000581e-002	-2.047303e-002
5.129997041138690e-003	-9.997464e-003	-2.047399e-002
5.132997041138690e-003	-1.000629e-002	-2.047446e-002
5.135568469710119e-003	-1.000336e-002	-2.047478e-002
5.138139898281548e-003	-1.000147e-002	-2.047507e-002
5.140711326852977e-003	-1.000061e-002	-2.047531e-002
5.143282755424405e-003	-1.000078e-002	-2.047551e-002
5.145854183995834e-003	-1.000198e-002	-2.047568e-002
5.148425612567263e-003	-1.000421e-002	-2.047581e-002
5.150997041138692e-003	-1.000748e-002	-2.047589e-002
5.154854183995835e-003	-1.000608e-002	-2.047603e-002
5.158711326852979e-003	-1.000455e-002	-2.047617e-002
5.162568469710123e-003	-1.000288e-002	-2.047630e-002
5.166425612567266e-003	-1.000107e-002	-2.047644e-002
5.170282755424409e-003	-9.999133e-003	-2.047657e-002
5.174139898281553e-003	-9.997056e-003	-2.047671e-002
5.177997041138696e-003	-9.994842e-003	-2.047685e-002
5.187425612567269e-003	-9.999523e-003	-2.047685e-002
5.196854183995841e-003	-1.000253e-002	-2.047685e-002
5.206282755424414e-003	-1.000386e-002	-2.047685e-002
5.215711326852987e-003	-1.000352e-002	-2.047685e-002
5.225139898281560e-003	-1.000151e-002	-2.047685e-002
5.234568469710132e-003	-9.997820e-003	-2.047685e-002
5.243997041138705e-003	-9.992458e-003	-2.047685e-002
5.997997041138805e-003	-9.988404e-003	-2.047685e-002
5.998997041138805e-003	-1.001511e-002	-2.047685e-002
5.999000000000000e-003	-9.988404e-003	-2.047685e-002
5.999005917722390e-003	-1.001511e-002	-2.047685e-002
5.999017753167171e-003	-9.988404e-003	-2.047685e-002
5.999041424056732e-003	-1.001511e-002	-2.047685e-002
5.999088765835854e-003	-9.988404e-003	-2.047685e-002
5.999183449394097e-003	-1.001511e-002	-2.047685e-002
5.999372816510585e-003	-9.988404e-003	-2.047685e-002
5.999621265767025e-003	-1.001511e-002	-2.047685e-002
6.000000000000000e-003	-9.988404e-003	-2.047685e-002