Freq	Gain	Phase
1.00000000000000e-001	5.95253357939352e+001	-1.77263064959694e+002
1.07977516232771e-001	5.95263569063461e+001	-1.77465269948590e+002
1.16591440117983e-001	5.95272328372429e+001	-1.77652578605031e+002
1.25892541179417e-001	5.95279842449050e+001	-1.77826086043118e+002
1.35935639087853e-001	5.95286288073317e+001	-1.77986807867775e+002
1.46779926762207e-001	5.95291817130461e+001	-1.78135685765708e+002
1.58489319246111e-001	5.95296560005039e+001	-1.78273592764137e+002
1.71132830416178e-001	5.95300628218400e+001	-1.78401338148701e+002
1.84784979742229e-001	5.95304117497484e+001	-1.78519672035699e+002
1.99526231496888e-001	5.95307110850727e+001	-1.78629289632157e+002
2.15443469003188e-001	5.95309677884354e+001	-1.78730835258445e+002
2.32630506715363e-001	5.95311880073435e+001	-1.78824905993221e+002
2.51188643150958e-001	5.95313768828658e+001	-1.78912055170183e+002
2.71227257933203e-001	5.95315388943553e+001	-1.78992795546572e+002
2.92864456462524e-001	5.95316778479610e+001	-1.79067602294418e+002
3.16227766016838e-001	5.95317970323281e+001	-1.79136915755334e+002
3.41454887383360e-001	5.95318992481234e+001	-1.79201144011646e+002
3.68694506451958e-001	5.95319869267902e+001	-1.79260665262398e+002
3.98107170553497e-001	5.95320621273409e+001	-1.79315830039591e+002
4.29866234708228e-001	5.95321266485454e+001	-1.79366963253742e+002
4.64158883361278e-001	5.95321819609646e+001	-1.79414366105199e+002
5.01187233627272e-001	5.95322293878309e+001	-1.79458317838569e+002
5.41169526546464e-001	5.95322700994152e+001	-1.79499077386074e+002
5.84341413373518e-001	5.95323049868437e+001	-1.79536884895275e+002
6.30957344480193e-001	5.95323349246925e+001	-1.79571963126147e+002
6.81292069057961e-001	5.95323605963466e+001	-1.79604518771240e+002
7.35642254459641e-001	5.95323826209406e+001	-1.79634743664890e+002
7.94328234724282e-001	5.95324015027050e+001	-1.79662815914256e+002
8.57695898590894e-001	5.95324177042446e+001	-1.79688900945855e+002
9.26118728128794e-001	5.95324315775547e+001	-1.79713152480458e+002
1.00000000000000e+000	5.95324434923031e+001	-1.79735713435079e+002
1.07977516232771e+000	5.95324536860376e+001	-1.79756716768694e+002
1.16591440117983e+000	5.95324624376455e+001	-1.79776286260037e+002
1.25892541179417e+000	5.95324699282999e+001	-1.79794537242092e+002
1.35935639087853e+000	5.95324763619715e+001	-1.79811577275680e+002
1.46779926762207e+000	5.95324818650250e+001	-1.79827506788018e+002
1.58489319246111e+000	5.95324865535276e+001	-1.79842419662180e+002
1.71132830416178e+000	5.95324905973227e+001	-1.79856403787716e+002
1.84784979742229e+000	5.95324940195863e+001	-1.79869541584550e+002
1.99526231496888e+000	5.95324969535805e+001	-1.79881910482030e+002
2.15443469003188e+000	5.95324994437854e+001	-1.79893583379701e+002
2.32630506715363e+000	5.95325015572100e+001	-1.79904629075253e+002
2.51188643150958e+000	5.95325033598863e+001	-1.79915112668136e+002
2.71227257933203e+000	5.95325048537195e+001	-1.79925095948813e+002
2.92864456462524e+000	5.95325061179747e+001	-1.79934637755383e+002
3.16227766016838e+000	5.95325071483777e+001	-1.79943794326344e+002
3.41454887383360e+000	5.95325079962019e+001	-1.79952619628962e+002
3.68694506451958e+000	5.95325086517729e+001	-1.79961165678404e+002
3.98107170553497e+000	5.95325091413849e+001	-1.79969482843099e+002
4.29866234708228e+000	5.95325095063213e+001	-1.79977620143185e+002
4.64158883361278e+000	5.95325097079360e+001	-1.79985625539122e+002
5.01187233627272e+000	5.95325097943763e+001	-1.79993546214601e+002
5.41169526546464e+000	5.95325097286402e+001	1.79998571147977e+002
5.84341413373518e+000	5.95325095472186e+001	1.79990680089676e+002
6.30957344480193e+000	5.95325092235775e+001	1.79982734101058e+002
6.81292069057961e+000	5.95325087318685e+001	1.79974686350849e+002
7.35642254459641e+000	5.95325081064766e+001	1.79966489402009e+002
7.94328234724281e+000	5.95325072982111e+001	1.79958094950672e+002
8.57695898590894e+000	5.95325062971935e+001	1.79949453514989e+002
9.26118728128793e+000	5.95325050752303e+001	1.79940514168897e+002
1.00000000000000e+001	5.95325035933597e+001	1.79931224222056e+002
1.07977516232771e+001	5.95325018535891e+001	1.79921528920169e+002
1.16591440117983e+001	5.95324997915531e+001	1.79911371123356e+002
1.25892541179417e+001	5.95324973706808e+001	1.79900690963035e+002
1.35935639087853e+001	5.95324944961152e+001	1.79889425494582e+002
1.46779926762207e+001	5.95324911516887e+001	1.79877508321426e+002
1.58489319246111e+001	5.95324872224174e+001	1.79864869206623e+002
1.71132830416178e+001	5.95324826292515e+001	1.79851433659552e+002
1.84784979742229e+001	5.95324772633530e+001	1.79837122499897e+002
1.99526231496888e+001	5.95324709843037e+001	1.79821851380241e+002
2.15443469003188e+001	5.95324636649099e+001	1.79805530298097e+002
2.32630506715363e+001	5.95324551208126e+001	1.79788063072537e+002
2.51188643150958e+001	5.95324451533210e+001	1.79769346762793e+002
2.71227257933203e+001	5.95324335248748e+001	1.79749271056822e+002
2.92864456462524e+001	5.95324199731380e+001	1.79727717664100e+002
3.16227766016838e+001	5.95324041633326e+001	1.79704559559267e+002
3.41454887383360e+001	5.95323857262296e+001	1.79679660273501e+002
3.68694506451957e+001	5.95323642258719e+001	1.79652873089997e+002
3.98107170553497e+001	5.95323391513239e+001	1.79624040161514e+002
4.29866234708228e+001	5.95323099276048e+001	1.79592991595488e+002
4.64158883361278e+001	5.95322758333452e+001	1.79559544464347e+002
5.01187233627272e+001	5.95322360761655e+001	1.79523501702342e+002
5.41169526546464e+001	5.95321897275139e+001	1.79484650964178e+002
5.84341413373518e+001	5.95321357251616e+001	1.79442763403684e+002
6.30957344480193e+001	5.95320727342525e+001	1.79397592289221e+002
6.81292069057961e+001	5.95319992739224e+001	1.79348871557355e+002
7.35642254459641e+001	5.95319136612373e+001	1.79296314306744e+002
7.94328234724281e+001	5.95318138124447e+001	1.79239611082802e+002
8.57695898590894e+001	5.95316973977816e+001	1.79178428054525e+002
9.26118728128793e+001	5.95315617187756e+001	1.79112405071888e+002
1.00000000000000e+002	5.95314035084584e+001	1.79041153609248e+002
1.07977516232771e+002	5.95312190140994e+001	1.78964254501642e+002
1.16591440117983e+002	5.95310039758786e+001	1.78881255436361e+002
1.25892541179417e+002	5.95307532549281e+001	1.78791668405491e+002
1.35935639087853e+002	5.95304609619312e+001	1.78694966948105e+002
1.46779926762207e+002	5.95301201827038e+001	1.78590582959020e+002
1.58489319246111e+002	5.95297229072548e+001	1.78477903614420e+002
1.71132830416178e+002	5.95292597495748e+001	1.78356267783229e+002
1.84784979742229e+002	5.95287198191603e+001	1.78224962358862e+002
1.99526231496888e+002	5.95280903541211e+001	1.78083218177236e+002
2.15443469003188e+002	5.95273566242401e+001	1.77930205793352e+002
2.32630506715363e+002	5.95265012708132e+001	1.77765030862876e+002
2.51188643150958e+002	5.95255042426941e+001	1.77586729392851e+002
2.71227257933203e+002	5.95243420580644e+001	1.77394262323487e+002
2.92864456462524e+002	5.95229874400202e+001	1.77186510291158e+002
3.16227766016838e+002	5.95214085969079e+001	1.76962267710098e+002
3.41454887383360e+002	5.95195685338085e+001	1.76720236543195e+002
3.68694506451957e+002	5.95174241155678e+001	1.76459020169390e+002
3.98107170553497e+002	5.95149252596800e+001	1.76177116373585e+002
4.29866234708228e+002	5.95120135755958e+001	1.75872910850444e+002
4.64158883361278e+002	5.95086212053953e+001	1.75544669642394e+002
5.01187233627272e+002	5.95046693270552e+001	1.75190532655115e+002
5.41169526546464e+002	5.95000662273838e+001	1.74808505961788e+002
5.84341413373517e+002	5.94947054680580e+001	1.74396454905130e+002
6.30957344480193e+002	5.94884635359889e+001	1.73952098015224e+002
6.81292069057961e+002	5.94811970924570e+001	1.73473000591986e+002
7.35642254459641e+002	5.94727401676643e+001	1.72956569805302e+002
7.94328234724281e+002	5.94629005475653e+001	1.72400051144683e+002
8.57695898590894e+002	5.94514560733841e+001	1.71800526145936e+002
9.26118728128793e+002	5.94381502434357e+001	1.71154913328533e+002
1.00000000000000e+003	5.94226873358879e+001	1.70459971830451e+002
1.07977516232771e+003	5.94047271554778e+001	1.69712309223706e+002
1.16591440117983e+003	5.93838791321204e+001	1.68908393761342e+002
1.25892541179417e+003	5.93596959733624e+001	1.68044574833421e+002
1.35935639087853e+003	5.93316670087011e+001	1.67117109103207e+002
1.46779926762207e+003	5.92992111256292e+001	1.66122196189727e+002
1.58489319246111e+003	5.92616695900573e+001	1.65056026262535e+002
1.71132830416178e+003	5.92182991982130e+001	1.63914840620541e+002
1.84784979742229e+003	5.91682658174218e+001	1.62695003806925e+002
1.99526231496888e+003	5.91106389606620e+001	1.61393094293971e+002
2.15443469003188e+003	5.90443879400638e+001	1.60006009091950e+002
2.32630506715363e+003	5.89683803597513e+001	1.58531086258637e+002
2.51188643150958e+003	5.88813838360311e+001	1.56966242820460e+002
2.71227257933203e+003	5.87820715691406e+001	1.55310121699422e+002
2.92864456462524e+003	5.86690331353032e+001	1.53562251044994e+002
3.16227766016838e+003	5.85407907831357e+001	1.51723198953882e+002
3.41454887383360e+003	5.83958223546052e+001	1.49794724574457e+002
3.68694506451957e+003	5.82325906263322e+001	1.47779899083556e+002
3.98107170553497e+003	5.80495790994294e+001	1.45683202382615e+002
4.29866234708228e+003	5.78453329232587e+001	1.43510563467241e+002
4.64158883361278e+003	5.76185034634273e+001	1.41269341843489e+002
5.01187233627272e+003	5.73678938419761e+001	1.38968237588224e+002
5.41169526546464e+003	5.70925023190647e+001	1.36617122956481e+002
5.84341413373518e+003	5.67915601966932e+001	1.34226805869893e+002
6.30957344480193e+003	5.64645608076260e+001	1.31808721156777e+002
6.81292069057961e+003	5.61112767816404e+001	1.29374587208253e+002
7.35642254459641e+003	5.57317638216077e+001	1.26936025861699e+002
7.94328234724281e+003	5.53263503406817e+001	1.24504197257179e+002
8.57695898590894e+003	5.48956137265267e+001	1.22089459051488e+002
9.26118728128794e+003	5.44403452140275e+001	1.19701078203801e+002
1.00000000000000e+004	5.39615062576524e+001	1.17347017547641e+002
1.07977516232771e+004	5.34601798229310e+001	1.15033789499345e+002
1.16591440117983e+004	5.29375198774516e+001	1.12766400205155e+002
1.25892541179417e+004	5.23947023261091e+001	1.10548375861034e+002
1.35935639087853e+004	5.18328797059520e+001	1.08381825334134e+002
1.46779926762207e+004	5.12531415159418e+001	1.06267599788886e+002
1.58489319246111e+004	5.06564811624029e+001	1.04205462227753e+002
1.71132830416178e+004	5.00437700408628e+001	1.02194299171268e+002
1.84784979742229e+004	4.94157387660563e+001	1.00232349886855e+002
1.99526231496888e+004	4.87729653703278e+001	9.83174440614602e+001
2.15443469003188e+004	4.81158701744651e+001	9.64472550646017e+001
2.32630506715363e+004	4.74447170898967e+001	9.46195305635008e+001
2.51188643150958e+004	4.67596212328737e+001	9.28323409678352e+001
2.71227257933203e+004	4.60605628802985e+001	9.10843077791858e+001
2.92864456462524e+004	4.53474079195271e+001	8.93748205546248e+001
3.16227766016838e+004	4.46199349891185e+001	8.77042335852356e+001
3.41454887383360e+004	4.38778694162121e+001	8.60740335613658e+001
3.68694506451958e+004	4.31209237949374e+001	8.44869673609513e+001
3.98107170553497e+004	4.23488445872655e+001	8.29471170222765e+001
4.29866234708228e+004	4.15614635005002e+001	8.14599084215533e+001
4.64158883361278e+004	4.07587515733774e+001	8.00320401614702e+001
5.01187233627272e+004	3.99408730920895e+001	7.86713225269351e+001
5.41169526546464e+004	3.91082356362672e+001	7.73864207329029e+001
5.84341413373518e+004	3.82615320914552e+001	7.61865049995183e+001
6.30957344480193e+004	3.74017702616867e+001	7.50808182569304e+001
6.81292069057961e+004	3.65302861754753e+001	7.40781742283289e+001
7.35642254459641e+004	3.56487380914641e+001	7.31864765575299e+001
7.94328234724282e+004	3.47590797192850e+001	7.24121052213981e+001
8.57695898590894e+004	3.38635129686249e+001	7.17595743751026e+001
9.26118728128793e+004	3.29644225527639e+001	7.12310149127495e+001
1.00000000000000e+005	3.20642965616582e+001	7.08260002510092e+001
1.07977516232771e+005	3.11656386077205e+001	7.05413743622560e+001
1.16591440117983e+005	3.02708780061910e+001	7.03712834304440e+001
1.25892541179417e+005	2.93822846585884e+001	7.03073472103679e+001
1.35935639087853e+005	2.85018947708662e+001	7.03389620324226e+001
1.46779926762207e+005	2.76314523659923e+001	7.04537073146647e+001
1.58489319246111e+005	2.67723698889550e+001	7.06378194530249e+001
1.71132830416178e+005	2.59257092627358e+001	7.08766932555607e+001
1.84784979742229e+005	2.50921828280085e+001	7.11553720081432e+001
1.99526231496888e+005	2.42721718926895e+001	7.14589922306759e+001
2.15443469003188e+005	2.34657593840607e+001	7.17731572874188e+001
2.32630506715363e+005	2.26727723994681e+001	7.20842236754572e+001
2.51188643150958e+005	2.18928303205705e+001	7.23794935521506e+001
2.71227257933203e+005	2.11253945080625e+001	7.26473155830366e+001
2.92864456462524e+005	2.03698162719110e+001	7.28771025782809e+001
3.16227766016838e+005	1.96253806618804e+001	7.30592783251852e+001
3.41454887383360e+005	1.88913444891413e+001	7.31851675796416e+001
3.68694506451958e+005	1.81669677544646e+001	7.32468427658809e+001
3.98107170553497e+005	1.74515382537323e+001	7.32369391091966e+001
4.29866234708228e+005	1.67443895236234e+001	7.31484472548399e+001
4.64158883361278e+005	1.60449124795641e+001	7.29744893971269e+001
5.01187233627272e+005	1.53525610937856e+001	7.27080819189279e+001
5.41169526546464e+005	1.46668522902849e+001	7.23418153935318e+001
5.84341413373517e+005	1.39873598924281e+001	7.18679355071050e+001
6.30957344480193e+005	1.33137019721152e+001	7.12773639874450e+001
6.81292069057961e+005	1.26455202488874e+001	7.05600829566351e+001
7.35642254459641e+005	1.19824493117059e+001	6.97044494423564e+001
7.94328234724281e+005	1.13240722406513e+001	6.86968938650464e+001
8.57695898590894e+005	1.06698577036371e+001	6.75215180901386e+001
9.26118728128793e+005	1.00190717073438e+001	6.61596727058955e+001
1.00000000000000e+006	9.37065494191446e+000	6.45895403155710e+001