Freq	gain	phase
1.00000000000000e-01	5.85473453922298e+01	-1.79901887845948e+02
1.07977516232771e-01	5.85473472090125e+01	-1.79909184488421e+02
1.16591440117983e-01	5.85473487666536e+01	-1.79915943163532e+02
1.25892541179417e-01	5.85473501028014e+01	-1.79922207223407e+02
1.35935639087853e-01	5.85473512501954e+01	-1.79928020029592e+02
1.46779926762207e-01	5.85473522333852e+01	-1.79933403380941e+02
1.58489319246111e-01	5.85473530765383e+01	-1.79938393470490e+02
1.71132830416178e-01	5.85473538006242e+01	-1.79943026504614e+02
1.84784979742229e-01	5.85473544207365e+01	-1.79947317131133e+02
1.99526231496888e-01	5.85473549522293e+01	-1.79951294396453e+02
2.15443469003188e-01	5.85473554084194e+01	-1.79954987364985e+02
2.32630506715363e-01	5.85473558024234e+01	-1.79958439503156e+02
2.51188643150958e-01	5.85473561363497e+01	-1.79961608005555e+02
2.71227257933203e-01	5.85473564241820e+01	-1.79964565148391e+02
2.92864456462524e-01	5.85473566708602e+01	-1.79967311322434e+02
3.16227766016838e-01	5.85473568821396e+01	-1.79969861328799e+02
3.41454887383360e-01	5.85473570641584e+01	-1.79972244381414e+02
3.68694506451958e-01	5.85473572200621e+01	-1.79974460962915e+02
3.98107170553497e-01	5.85473573527603e+01	-1.79976511591989e+02
4.29866234708228e-01	5.85473574684123e+01	-1.79978454355438e+02
4.64158883361278e-01	5.85473575670840e+01	-1.79980261088950e+02
5.01187233627272e-01	5.85473576507082e+01	-1.79981932438648e+02
5.41169526546464e-01	5.85473577224383e+01	-1.79983497864896e+02
5.84341413373518e-01	5.85473577848650e+01	-1.79984986881901e+02
6.30957344480193e-01	5.85473578389100e+01	-1.79986400297623e+02
6.81292069057961e-01	5.85473578832428e+01	-1.79987681454030e+02
7.35642254459641e-01	5.85473579232193e+01	-1.79988946348278e+02
7.94328234724281e-01	5.85473579562709e+01	-1.79990109699671e+02
8.57695898590894e-01	5.85473579850321e+01	-1.79991230129698e+02
9.26118728128793e-01	5.85473580083023e+01	-1.79992251287922e+02
1.00000000000000e+00	5.85473580298224e+01	-1.79993289503987e+02
1.07977516232771e+00	5.85473580482065e+01	-1.79994288621033e+02
1.16591440117983e+00	5.85473580637880e+01	-1.79995250119842e+02
1.25892541179417e+00	5.85473580756869e+01	-1.79996118069528e+02
1.35935639087853e+00	5.85473580866414e+01	-1.79997009253024e+02
1.46779926762207e+00	5.85473580966392e+01	-1.79997925532171e+02
1.58489319246111e+00	5.85473581037934e+01	-1.79998753858690e+02
1.71132830416178e+00	5.85473581102758e+01	-1.79999611460118e+02
1.84784979742229e+00	5.85473581160673e+01	1.79999499321493e+02
1.99526231496888e+00	5.85473581196587e+01	1.79998691015775e+02
2.15443469003188e+00	5.85473581241388e+01	1.79997730777021e+02
2.32630506715363e+00	5.85473581266086e+01	1.79996845774307e+02
2.51188643150958e+00	5.85473581273491e+01	1.79996032825944e+02
2.71227257933203e+00	5.85473581276667e+01	1.79995173438750e+02
2.92864456462524e+00	5.85473581275142e+01	1.79994263903871e+02
3.16227766016838e+00	5.85473581268366e+01	1.79993300216886e+02
3.41454887383360e+00	5.85473581255699e+01	1.79992278054209e+02
3.68694506451957e+00	5.85473581236395e+01	1.79991192747603e+02
3.98107170553497e+00	5.85473581209582e+01	1.79990039256669e+02
4.29866234708228e+00	5.85473581187490e+01	1.79988582023073e+02
4.64158883361278e+00	5.85473581129213e+01	1.79987505518787e+02
5.01187233627272e+00	5.85473581073095e+01	1.79986113050823e+02
5.41169526546464e+00	5.85473580993869e+01	1.79984858000531e+02
5.84341413373517e+00	5.85473580901497e+01	1.79983502854720e+02
6.30957344480193e+00	5.85473580813207e+01	1.79981579394182e+02
6.81292069057961e+00	5.85473580687619e+01	1.79979999459060e+02
7.35642254459641e+00	5.85473580541191e+01	1.79978293505263e+02
7.94328234724281e+00	5.85473580370466e+01	1.79976451478084e+02
8.57695898590894e+00	5.85473580185145e+01	1.79974002288689e+02
9.26118728128793e+00	5.85473579953038e+01	1.79971854678633e+02
1.00000000000000e+01	5.85473579682419e+01	1.79969535758008e+02
1.07977516232771e+01	5.85473579366898e+01	1.79967031859347e+02
1.16591440117983e+01	5.85473578999022e+01	1.79964328224941e+02
1.25892541179417e+01	5.85473578566639e+01	1.79961408919861e+02
1.35935639087853e+01	5.85473578064822e+01	1.79958256738036e+02
1.46779926762207e+01	5.85473577481763e+01	1.79954853100844e+02
1.58489319246111e+01	5.85473576801961e+01	1.79951177947608e+02
1.71132830416178e+01	5.85473576009358e+01	1.79947209617367e+02
1.84784979742229e+01	5.85473575085251e+01	1.79942924721201e+02
1.99526231496888e+01	5.85473574007813e+01	1.79938298004381e+02
2.15443469003188e+01	5.85473572761420e+01	1.79932381733268e+02
2.32630506715362e+01	5.85473571291465e+01	1.79926987391597e+02
2.51188643150958e+01	5.85473569583690e+01	1.79921162721414e+02
2.71227257933203e+01	5.85473567592574e+01	1.79914873392703e+02
2.92864456462523e+01	5.85473565271101e+01	1.79908082336785e+02
3.16227766016838e+01	5.85473562510326e+01	1.79898908599342e+02
3.41454887383360e+01	5.85473559403534e+01	1.79892831747001e+02
3.68694506451957e+01	5.85473555719029e+01	1.79884282327603e+02
3.98107170553497e+01	5.85473551377566e+01	1.79873209951643e+02
4.29866234708227e+01	5.85473546422605e+01	1.79865082995287e+02
4.64158883361278e+01	5.85473540586105e+01	1.79854319923159e+02
5.01187233627272e+01	5.85473533782101e+01	1.79842698227072e+02
5.41169526546463e+01	5.85473525850065e+01	1.79830149409624e+02
5.84341413373517e+01	5.85473516599386e+01	1.79816599508957e+02
6.30957344480193e+01	5.85473505818783e+01	1.79801968662805e+02
6.81292069057961e+01	5.85473493048180e+01	1.79782488780781e+02
7.35642254459641e+01	5.85473478585360e+01	1.79769112321018e+02
7.94328234724281e+01	5.85473461493533e+01	1.79750693171435e+02
8.57695898590894e+01	5.85473441569923e+01	1.79730804626976e+02
9.26118728128793e+01	5.85473418340923e+01	1.79709329464739e+02
9.99999999999999e+01	5.85473391251441e+01	1.79686141109956e+02
1.07977516232771e+02	5.85473358899539e+01	1.79653739175912e+02
1.16591440117983e+02	5.85473322844248e+01	1.79634067227823e+02
1.25892541179417e+02	5.85473279916069e+01	1.79604874773682e+02
1.35935639087852e+02	5.85473229073679e+01	1.79565989750088e+02
1.46779926762207e+02	5.85473171502779e+01	1.79539317507518e+02
1.58489319246111e+02	5.85473103452681e+01	1.79502566290150e+02
1.71132830416178e+02	5.85473024122924e+01	1.79462883191535e+02
1.84784979742229e+02	5.85472931631121e+01	1.79420034307947e+02
1.99526231496888e+02	5.85472823784240e+01	1.79373767072754e+02
2.15443469003188e+02	5.85472698051194e+01	1.79323808766698e+02
2.32630506715362e+02	5.85472548337000e+01	1.79255137482231e+02
2.51188643150958e+02	5.85472380518069e+01	1.79211617521398e+02
2.71227257933203e+02	5.85472181227409e+01	1.79148723248981e+02
2.92864456462523e+02	5.85471948862803e+01	1.79080811336799e+02
3.16227766016838e+02	5.85471677942793e+01	1.79007481439759e+02
3.41454887383360e+02	5.85471362061277e+01	1.78928301259170e+02
3.68694506451957e+02	5.85470993751788e+01	1.78842803989439e+02
3.98107170553497e+02	5.85470564319448e+01	1.78750485560006e+02
4.29866234708227e+02	5.85470063607359e+01	1.78650801656067e+02
4.64158883361278e+02	5.85469479787318e+01	1.78543164499656e+02
5.01187233627272e+02	5.85468799049862e+01	1.78426939372098e+02
5.41169526546463e+02	5.85468005296067e+01	1.78301440856086e+02
5.84341413373517e+02	5.85467079769170e+01	1.78165928774598e+02
6.30957344480193e+02	5.85466000551217e+01	1.78019603802033e+02
6.81292069057961e+02	5.85464742109846e+01	1.77861602719063e+02
7.35642254459641e+02	5.85463274639301e+01	1.77690993282993e+02
7.94328234724281e+02	5.85461563384160e+01	1.77506768679819e+02
8.57695898590893e+02	5.85459567787483e+01	1.77307841523457e+02
9.26118728128793e+02	5.85457240515572e+01	1.77093037362812e+02
9.99999999999999e+02	5.85454526333304e+01	1.76861087653857e+02
1.07977516232771e+03	5.85451360763115e+01	1.76610622150215e+02
1.16591440117983e+03	5.85447617801131e+01	1.76281251032300e+02
1.25892541179417e+03	5.85443361745851e+01	1.76048104112042e+02
1.35935639087852e+03	5.85438337722449e+01	1.75732724867747e+02
1.46779926762207e+03	5.85432476508846e+01	1.75392156207599e+02
1.58489319246111e+03	5.85425637902373e+01	1.75024380914034e+02
1.71132830416178e+03	5.85417657961536e+01	1.74627218861828e+02
1.84784979742229e+03	5.85408344924789e+01	1.74198313515932e+02
1.99526231496888e+03	5.85397474329691e+01	1.73735117226056e+02
2.15443469003188e+03	5.85384783314980e+01	1.73234875188313e+02
2.32630506715362e+03	5.85369760891126e+01	1.72576789182853e+02
2.51188643150958e+03	5.85352654482083e+01	1.72111092161592e+02
2.71227257933203e+03	5.85332224973966e+01	1.71363021207242e+02
2.92864456462523e+03	5.85308795038477e+01	1.70800074836620e+02
3.16227766016838e+03	5.85281159594826e+01	1.70064708236141e+02
3.41454887383360e+03	5.85248833370662e+01	1.69270309804782e+02
3.68694506451957e+03	5.85211000331869e+01	1.68412077503119e+02
3.98107170553497e+03	5.85166695567652e+01	1.67484803351667e+02
4.29866234708227e+03	5.85114775904013e+01	1.66482835669837e+02
4.64158883361277e+03	5.85053883799291e+01	1.65400037174136e+02
5.01187233627272e+03	5.84982403156270e+01	1.64229738417458e+02
5.41169526546463e+03	5.84898404743340e+01	1.62964686043306e+02
5.84341413373517e+03	5.84799578496620e+01	1.61596985319746e+02
6.30957344480193e+03	5.84683149290070e+01	1.60118036458713e+02
6.81292069057961e+03	5.84542607665750e+01	1.58047215634761e+02
7.35642254459641e+03	5.84383397405367e+01	1.56788041717275e+02
7.94328234724281e+03	5.84191109763470e+01	1.54915605772753e+02
8.57695898590893e+03	5.83962913134556e+01	1.52888970083748e+02
9.26118728128793e+03	5.83691468504762e+01	1.50694833644969e+02
9.99999999999999e+03	5.83364490442264e+01	1.47847464986119e+02
1.07977516232771e+04	5.82980670400089e+01	1.45744758270103e+02
1.16591440117983e+04	5.82516461665958e+01	1.42955905752011e+02
1.25892541179417e+04	5.81958112502297e+01	1.39933652406464e+02
1.35935639087852e+04	5.81284518391583e+01	1.36658214579626e+02
1.46779926762207e+04	5.80469522921321e+01	1.33108671770149e+02
1.58489319246111e+04	5.79480783992262e+01	1.29263299109248e+02
1.71132830416178e+04	5.78278500507836e+01	1.25100142304048e+02
1.84784979742229e+04	5.76801153757743e+01	1.19655758129406e+02
1.99526231496888e+04	5.75015864517376e+01	1.14795281272097e+02
2.15443469003188e+04	5.72840182446405e+01	1.09561122808191e+02
2.32630506715362e+04	5.70206496148770e+01	1.04886173020235e+02
2.51188643150958e+04	5.66997769884724e+01	9.88864376744657e+01
2.71227257933203e+04	5.63128939886326e+01	9.25162023756370e+01
2.92864456462523e+04	5.58499535728933e+01	8.58025674315952e+01
3.16227766016838e+04	5.53013809372274e+01	7.87890968706409e+01
3.41454887383360e+04	5.46589213457952e+01	7.15355321854034e+01
3.68694506451957e+04	5.39114946939377e+01	6.22327968395881e+01
3.98107170553497e+04	5.30707901512989e+01	5.66094480074128e+01
4.29866234708227e+04	5.21166952322734e+01	4.72201966150688e+01
4.64158883361277e+04	5.10718528646590e+01	4.16718969041253e+01
5.01187233627272e+04	4.99265369399825e+01	3.43871982773465e+01
5.41169526546463e+04	4.86925168936875e+01	2.73030287799753e+01
5.84341413373517e+04	4.73774375244518e+01	2.04600191214029e+01
6.30957344480192e+04	4.59891002880854e+01	1.38854986684698e+01
6.81292069057960e+04	4.45349774021282e+01	7.59569927660178e+00
7.35642254459641e+04	4.30219317103335e+01	1.59835796460472e+00
7.94328234724281e+04	4.14371164220994e+01	-7.86338519044128e+00
8.57695898590893e+04	3.98429280503496e+01	-9.51617236056261e+00
9.26118728128792e+04	3.81871805741447e+01	-1.46405282163448e+01
9.99999999999999e+04	3.64930963210327e+01	-1.94842618162673e+01
1.07977516232771e+05	3.47644536091823e+01	-2.40546423953940e+01
1.16591440117983e+05	3.30046585734584e+01	-2.83594917287181e+01
1.25892541179417e+05	3.12168093404129e+01	-3.24070067166520e+01
1.35935639087852e+05	2.94037424466397e+01	-3.62056754741326e+01
1.46779926762207e+05	2.74934539457241e+01	-4.72490527979337e+01
1.58489319246111e+05	2.57121728770846e+01	-4.30916304830176e+01
1.71132830416178e+05	2.38382695187419e+01	-4.61969841768778e+01
1.84784979742229e+05	2.19483704024489e+01	-4.90895284695960e+01
1.99526231496888e+05	2.00443134618065e+01	-5.17785441283856e+01
2.15443469003188e+05	1.81277661083918e+01	-5.42732838094248e+01
2.32630506715362e+05	1.62002332652378e+01	-5.65828938341445e+01
2.51188643150958e+05	1.42630662212434e+01	-5.87163377298061e+01
2.71227257933202e+05	1.23174723106472e+01	-6.06823251560281e+01
2.92864456462523e+05	1.03645252381659e+01	-6.24892486789590e+01
3.16227766016838e+05	8.40517578496682e+00	-6.41451296801480e+01
3.41454887383360e+05	6.44026261533257e+00	-6.56575738027872e+01
3.68694506451957e+05	4.47052292686811e+00	-6.70337355846583e+01
3.98107170553497e+05	1.43709549988454e+00	-9.60032457842715e+01
4.29866234708227e+05	-5.40416774002171e-01	-9.71264556078626e+01
4.64158883361277e+05	-1.46159313106220e+00	-7.04087894755612e+01
5.01187233627272e+05	-3.44494812140361e+00	-7.13015465237418e+01
5.41169526546463e+05	-5.43062612482769e+00	-7.20863138400255e+01
5.84341413373517e+05	-7.41830409902975e+00	-7.27671860747962e+01
6.30957344480192e+05	-9.40770187881157e+00	-7.33477288900202e+01
6.81292069057960e+05	-1.13985765088046e+01	-7.38309781453903e+01
7.35642254459640e+05	-1.33907171561655e+01	-7.42194386160615e+01
7.94328234724280e+05	-1.53839405344190e+01	-7.45150814094665e+01
8.57695898590893e+05	-1.73780867610432e+01	-7.47193392717822e+01
9.26118728128792e+05	-1.93730155623200e+01	-7.48330989883635e+01
9.99999999999999e+05	-2.13686027277588e+01	-7.48566900571354e+01