rl	V(vo)	I(RL)
1.000000000000000e-03	4.280170e-04	4.280170e-01
1.011579454259899e-03	4.329743e-04	4.280181e-01
1.023292992280754e-03	4.379891e-04	4.280192e-01
1.035142166679344e-03	4.430619e-04	4.280204e-01
1.047128548050900e-03	4.481935e-04	4.280215e-01
1.059253725177289e-03	4.533846e-04	4.280227e-01
1.071519305237607e-03	4.586358e-04	4.280238e-01
1.083926914021204e-03	4.639478e-04	4.280250e-01
1.096478196143186e-03	4.693214e-04	4.280262e-01
1.109174815262402e-03	4.747573e-04	4.280274e-01
1.122018454301964e-03	4.802560e-04	4.280287e-01
1.135010815672316e-03	4.858186e-04	4.280299e-01
1.148153621496884e-03	4.914455e-04	4.280311e-01
1.161448613840344e-03	4.971377e-04	4.280324e-01
1.174897554939531e-03	5.028957e-04	4.280337e-01
1.188502227437020e-03	5.087206e-04	4.280350e-01
1.202264434617414e-03	5.146128e-04	4.280363e-01
1.216186000646369e-03	5.205734e-04	4.280376e-01
1.230268770812383e-03	5.266030e-04	4.280390e-01
1.244514611771387e-03	5.327025e-04	4.280404e-01
1.258925411794169e-03	5.388726e-04	4.280417e-01
1.273503081016663e-03	5.451142e-04	4.280431e-01
1.288249551693136e-03	5.514282e-04	4.280445e-01
1.303166778452301e-03	5.578152e-04	4.280460e-01
1.318256738556409e-03	5.642764e-04	4.280474e-01
1.333521432163326e-03	5.708123e-04	4.280488e-01
1.348962882591656e-03	5.774240e-04	4.280503e-01
1.364583136588927e-03	5.841123e-04	4.280518e-01
1.380384264602887e-03	5.908781e-04	4.280533e-01
1.396368361055940e-03	5.977222e-04	4.280549e-01
1.412537544622757e-03	6.046458e-04	4.280564e-01
1.428893958511106e-03	6.116494e-04	4.280580e-01
1.445439770745931e-03	6.187343e-04	4.280595e-01
1.462177174456721e-03	6.259012e-04	4.280611e-01
1.479108388168211e-03	6.331512e-04	4.280628e-01
1.496235656094437e-03	6.404852e-04	4.280644e-01
1.513561248436212e-03	6.479042e-04	4.280660e-01
1.531087461682034e-03	6.554091e-04	4.280677e-01
1.548816618912485e-03	6.630010e-04	4.280694e-01
1.566751070108153e-03	6.706809e-04	4.280711e-01
1.584893192461118e-03	6.784498e-04	4.280729e-01
1.603245390690046e-03	6.863087e-04	4.280746e-01
1.621810097358935e-03	6.942586e-04	4.280764e-01
1.640589773199544e-03	7.023007e-04	4.280782e-01
1.659586907437566e-03	7.104360e-04	4.280800e-01
1.678804018122565e-03	7.186655e-04	4.280818e-01
1.698243652461749e-03	7.269904e-04	4.280837e-01
1.717908387157594e-03	7.354118e-04	4.280856e-01
1.737800828749381e-03	7.439308e-04	4.280875e-01
1.757923613958698e-03	7.525485e-04	4.280894e-01
1.778279410038929e-03	7.612660e-04	4.280913e-01
1.798870915128794e-03	7.700846e-04	4.280933e-01
1.819700858609990e-03	7.790053e-04	4.280953e-01
1.840772001468962e-03	7.880295e-04	4.280973e-01
1.862087136662874e-03	7.971583e-04	4.280993e-01
1.883649089489808e-03	8.063928e-04	4.281014e-01
1.905460717963254e-03	8.157344e-04	4.281035e-01
1.927524913190943e-03	8.251842e-04	4.281056e-01
1.949844599758053e-03	8.347435e-04	4.281077e-01
1.972422736114861e-03	8.444136e-04	4.281099e-01
1.995262314968888e-03	8.541959e-04	4.281121e-01
2.018366363681569e-03	8.640914e-04	4.281143e-01
2.041737944669538e-03	8.741017e-04	4.281165e-01
2.065380155810538e-03	8.842280e-04	4.281188e-01
2.089296130854048e-03	8.944717e-04	4.281210e-01
2.113489039836656e-03	9.048340e-04	4.281234e-01
2.137962089502242e-03	9.153165e-04	4.281257e-01
2.162718523727030e-03	9.259204e-04	4.281281e-01
2.187761623949562e-03	9.366474e-04	4.281304e-01
2.213094709605648e-03	9.474986e-04	4.281329e-01
2.238721138568350e-03	9.584756e-04	4.281353e-01
2.264644307593070e-03	9.695798e-04	4.281378e-01
2.290867652767784e-03	9.808127e-04	4.281403e-01
2.317394649968490e-03	9.921759e-04	4.281428e-01
2.344228815319934e-03	1.003671e-03	4.281454e-01
2.371373705661667e-03	1.015299e-03	4.281480e-01
2.398832919019503e-03	1.027062e-03	4.281506e-01
2.426610095082428e-03	1.038961e-03	4.281532e-01
2.454708915685043e-03	1.050998e-03	4.281560e-01
2.483133105295584e-03	1.063175e-03	4.281587e-01
2.511886431509593e-03	1.075493e-03	4.281614e-01
2.540972705549318e-03	1.087953e-03	4.281642e-01
2.570395782768878e-03	1.100559e-03	4.281670e-01
2.600159563165286e-03	1.113310e-03	4.281698e-01
2.630267991895396e-03	1.126209e-03	4.281727e-01
2.660725059798825e-03	1.139258e-03	4.281756e-01
2.691534803926931e-03	1.152458e-03	4.281786e-01
2.722701308077928e-03	1.165811e-03	4.281816e-01
2.754228703338183e-03	1.179318e-03	4.281846e-01
2.786121168629787e-03	1.192983e-03	4.281876e-01
2.818382931264471e-03	1.206805e-03	4.281907e-01
2.851018267503926e-03	1.220788e-03	4.281938e-01
2.884031503126624e-03	1.234934e-03	4.281970e-01
2.917427014001185e-03	1.249243e-03	4.282002e-01
2.951209226666404e-03	1.263718e-03	4.282034e-01
2.985382618917979e-03	1.278361e-03	4.282067e-01
3.019951720402036e-03	1.293173e-03	4.282100e-01
3.054921113215533e-03	1.308158e-03	4.282133e-01
3.090295432513611e-03	1.323316e-03	4.282167e-01
3.126079367123976e-03	1.338650e-03	4.282201e-01
3.162277660168401e-03	1.354162e-03	4.282236e-01
3.198895109691419e-03	1.369853e-03	4.282271e-01
3.235936569296305e-03	1.385727e-03	4.282306e-01
3.273406948788405e-03	1.401785e-03	4.282342e-01
3.311311214825934e-03	1.418029e-03	4.282378e-01
3.349654391578300e-03	1.434461e-03	4.282415e-01
3.388441561392049e-03	1.451084e-03	4.282452e-01
3.427677865464528e-03	1.467899e-03	4.282489e-01
3.467368504525341e-03	1.484910e-03	4.282527e-01
3.507518739525706e-03	1.502118e-03	4.282565e-01
3.548133892335781e-03	1.519525e-03	4.282604e-01
3.589219346450079e-03	1.537135e-03	4.282643e-01
3.630780547701041e-03	1.554948e-03	4.282683e-01
3.672823004980874e-03	1.572969e-03	4.282724e-01
3.715352290971754e-03	1.591198e-03	4.282764e-01
3.758374042884471e-03	1.609638e-03	4.282805e-01
3.801893963205641e-03	1.628293e-03	4.282847e-01
3.845917820453566e-03	1.647164e-03	4.282889e-01
3.890451449942837e-03	1.666254e-03	4.282932e-01
3.935500754557806e-03	1.685565e-03	4.282975e-01
3.981071705535005e-03	1.705100e-03	4.283018e-01
4.027170343254624e-03	1.724862e-03	4.283062e-01
4.073802778041160e-03	1.744853e-03	4.283107e-01
4.120975190973336e-03	1.765076e-03	4.283152e-01
4.168693834703388e-03	1.785534e-03	4.283198e-01
4.216965034285858e-03	1.806229e-03	4.283244e-01
4.265795188015962e-03	1.827164e-03	4.283291e-01
4.315190768277689e-03	1.848342e-03	4.283338e-01
4.365158322401697e-03	1.869766e-03	4.283386e-01
4.415704473533163e-03	1.891438e-03	4.283434e-01
4.466835921509670e-03	1.913361e-03	4.283483e-01
4.518559443749263e-03	1.935539e-03	4.283532e-01
4.570881896148790e-03	1.957975e-03	4.283582e-01
4.623810213992644e-03	1.980670e-03	4.283633e-01
4.677351412872024e-03	2.003629e-03	4.283684e-01
4.731512589614848e-03	2.026855e-03	4.283736e-01
4.786300923226427e-03	2.050350e-03	4.283788e-01
4.841723675841038e-03	2.074118e-03	4.283841e-01
4.897788193684507e-03	2.098161e-03	4.283895e-01
4.954501908047948e-03	2.122483e-03	4.283949e-01
5.011872336272769e-03	2.147088e-03	4.284004e-01
5.069907082747091e-03	2.171978e-03	4.284059e-01
5.128613839913697e-03	2.197157e-03	4.284115e-01
5.188000389289661e-03	2.222629e-03	4.284172e-01
5.248074602497777e-03	2.248396e-03	4.284230e-01
5.308844442309934e-03	2.274462e-03	4.284288e-01
5.370317963702580e-03	2.300831e-03	4.284347e-01
5.432503314924386e-03	2.327505e-03	4.284406e-01
5.495408738576300e-03	2.354489e-03	4.284467e-01
5.559042572704091e-03	2.381787e-03	4.284527e-01
5.623413251903547e-03	2.409401e-03	4.284589e-01
5.688529308438472e-03	2.437336e-03	4.284651e-01
5.754399373371627e-03	2.465596e-03	4.284714e-01
5.821032177708773e-03	2.494183e-03	4.284778e-01
5.888436553555950e-03	2.523102e-03	4.284843e-01
5.956621435290166e-03	2.552357e-03	4.284908e-01
6.025595860743640e-03	2.581952e-03	4.284974e-01
6.095368972401756e-03	2.611890e-03	4.285040e-01
6.165950018614886e-03	2.642176e-03	4.285108e-01
6.237348354824258e-03	2.672814e-03	4.285176e-01
6.309573444802001e-03	2.703807e-03	4.285246e-01
6.382634861905555e-03	2.735160e-03	4.285316e-01
6.456542290346625e-03	2.766878e-03	4.285386e-01
6.531305526474795e-03	2.798963e-03	4.285458e-01
6.606934480076032e-03	2.831422e-03	4.285530e-01
6.683439175686219e-03	2.864257e-03	4.285603e-01
6.760829753919893e-03	2.897474e-03	4.285677e-01
6.839116472814369e-03	2.931076e-03	4.285752e-01
6.918309709189443e-03	2.965069e-03	4.285828e-01
6.998419960022813e-03	2.999456e-03	4.285905e-01
7.079457843841458e-03	3.034243e-03	4.285983e-01
7.161434102129102e-03	3.069434e-03	4.286061e-01
7.244359600749984e-03	3.105034e-03	4.286140e-01
7.328245331389125e-03	3.141048e-03	4.286221e-01
7.413102413009261e-03	3.177480e-03	4.286302e-01
7.498942093324646e-03	3.214335e-03	4.286384e-01
7.585775750291926e-03	3.251618e-03	4.286467e-01
7.673614893618280e-03	3.289334e-03	4.286551e-01
7.762471166287010e-03	3.327489e-03	4.286636e-01
7.852356346100811e-03	3.366087e-03	4.286723e-01
7.943282347242911e-03	3.405134e-03	4.286810e-01
8.035261221856270e-03	3.444634e-03	4.286898e-01
8.128305161641092e-03	3.484594e-03	4.286987e-01
8.222426499470812e-03	3.525018e-03	4.287077e-01
8.317637711026813e-03	3.565911e-03	4.287168e-01
8.413951416452056e-03	3.607280e-03	4.287260e-01
8.511380382023870e-03	3.649130e-03	4.287354e-01
8.609937521846113e-03	3.691466e-03	4.287448e-01
8.709635899560916e-03	3.734295e-03	4.287544e-01
8.810488730080251e-03	3.777621e-03	4.287640e-01
8.912509381337568e-03	3.821451e-03	4.287738e-01
9.015711376059683e-03	3.865790e-03	4.287837e-01
9.120108393559215e-03	3.910645e-03	4.287937e-01
9.225714271547749e-03	3.956022e-03	4.288038e-01
9.332543007970031e-03	4.001926e-03	4.288141e-01
9.440608762859355e-03	4.048364e-03	4.288244e-01
9.549925860214484e-03	4.095342e-03	4.288349e-01
9.660508789898261e-03	4.142866e-03	4.288455e-01
9.772372209558237e-03	4.190943e-03	4.288562e-01
9.885530946569521e-03	4.239579e-03	4.288671e-01
1.000000000000013e-02	4.288781e-03	4.288780e-01
1.011579454259912e-02	4.338555e-03	4.288891e-01
1.023292992280768e-02	4.388907e-03	4.289004e-01
1.035142166679358e-02	4.439846e-03	4.289117e-01
1.047128548050914e-02	4.491378e-03	4.289232e-01
1.059253725177303e-02	4.543508e-03	4.289348e-01
1.071519305237621e-02	4.596246e-03	4.289466e-01
1.083926914021218e-02	4.649597e-03	4.289585e-01
1.096478196143200e-02	4.703568e-03	4.289705e-01
1.109174815262417e-02	4.758168e-03	4.289827e-01
1.122018454301979e-02	4.813403e-03	4.289950e-01
1.135010815672331e-02	4.869282e-03	4.290075e-01
1.148153621496899e-02	4.925810e-03	4.290201e-01
1.161448613840359e-02	4.982996e-03	4.290329e-01
1.174897554939546e-02	5.040848e-03	4.290458e-01
1.188502227437035e-02	5.099374e-03	4.290588e-01
1.202264434617430e-02	5.158580e-03	4.290720e-01
1.216186000646386e-02	5.218477e-03	4.290854e-01
1.230268770812399e-02	5.279070e-03	4.290989e-01
1.244514611771403e-02	5.340368e-03	4.291126e-01
1.258925411794186e-02	5.402382e-03	4.291264e-01
1.273503081016680e-02	5.465116e-03	4.291404e-01
1.288249551693153e-02	5.528581e-03	4.291545e-01
1.303166778452319e-02	5.592786e-03	4.291689e-01
1.318256738556427e-02	5.657739e-03	4.291834e-01
1.333521432163344e-02	5.723448e-03	4.291980e-01
1.348962882591674e-02	5.789922e-03	4.292128e-01
1.364583136588945e-02	5.857171e-03	4.292278e-01
1.380384264602906e-02	5.925203e-03	4.292430e-01
1.396368361055959e-02	5.994028e-03	4.292583e-01
1.412537544622776e-02	6.063655e-03	4.292739e-01
1.428893958511125e-02	6.134093e-03	4.292896e-01
1.445439770745950e-02	6.205352e-03	4.293055e-01
1.462177174456741e-02	6.277442e-03	4.293216e-01
1.479108388168230e-02	6.350372e-03	4.293378e-01
1.496235656094457e-02	6.424152e-03	4.293543e-01
1.513561248436232e-02	6.498792e-03	4.293709e-01
1.531087461682054e-02	6.574302e-03	4.293878e-01
1.548816618912506e-02	6.650693e-03	4.294048e-01
1.566751070108174e-02	6.727975e-03	4.294221e-01
1.584893192461139e-02	6.806157e-03	4.294395e-01
1.603245390690067e-02	6.885251e-03	4.294571e-01
1.621810097358956e-02	6.965268e-03	4.294750e-01
1.640589773199566e-02	7.046219e-03	4.294930e-01
1.659586907437587e-02	7.128113e-03	4.295113e-01
1.678804018122588e-02	7.210963e-03	4.295298e-01
1.698243652461772e-02	7.294780e-03	4.295485e-01
1.717908387157616e-02	7.379574e-03	4.295674e-01
1.737800828749404e-02	7.465358e-03	4.295865e-01
1.757923613958722e-02	7.552143e-03	4.296059e-01
1.778279410038952e-02	7.639941e-03	4.296255e-01
1.798870915128818e-02	7.728764e-03	4.296453e-01
1.819700858610014e-02	7.818623e-03	4.296653e-01
1.840772001468987e-02	7.909532e-03	4.296856e-01
1.862087136662899e-02	8.001503e-03	4.297061e-01
1.883649089489832e-02	8.094546e-03	4.297269e-01
1.905460717963280e-02	8.188677e-03	4.297478e-01
1.927524913190969e-02	8.283907e-03	4.297691e-01
1.949844599758079e-02	8.380248e-03	4.297906e-01
1.972422736114888e-02	8.477716e-03	4.298123e-01
1.995262314968914e-02	8.576322e-03	4.298343e-01
2.018366363681596e-02	8.676080e-03	4.298566e-01
2.041737944669565e-02	8.777005e-03	4.298791e-01
2.065380155810565e-02	8.879107e-03	4.299019e-01
2.089296130854076e-02	8.982404e-03	4.299249e-01
2.113489039836684e-02	9.086908e-03	4.299482e-01
2.137962089502270e-02	9.192634e-03	4.299718e-01
2.162718523727059e-02	9.299596e-03	4.299957e-01
2.187761623949592e-02	9.407808e-03	4.300198e-01
2.213094709605678e-02	9.517286e-03	4.300442e-01
2.238721138568380e-02	9.628044e-03	4.300689e-01
2.264644307593101e-02	9.740097e-03	4.300939e-01
2.290867652767815e-02	9.853462e-03	4.301192e-01
2.317394649968521e-02	9.968152e-03	4.301448e-01
2.344228815319965e-02	1.008418e-02	4.301707e-01
2.371373705661699e-02	1.020158e-02	4.301969e-01
2.398832919019534e-02	1.032034e-02	4.302233e-01
2.426610095082460e-02	1.044049e-02	4.302501e-01
2.454708915685076e-02	1.056205e-02	4.302773e-01
2.483133105295616e-02	1.068504e-02	4.303047e-01
2.511886431509627e-02	1.080946e-02	4.303325e-01
2.540972705549353e-02	1.093534e-02	4.303605e-01
2.570395782768912e-02	1.106270e-02	4.303889e-01
2.600159563165321e-02	1.119155e-02	4.304177e-01
2.630267991895432e-02	1.132190e-02	4.304468e-01
2.660725059798860e-02	1.145379e-02	4.304762e-01
2.691534803926967e-02	1.158722e-02	4.305060e-01
2.722701308077964e-02	1.172221e-02	4.305361e-01
2.754228703338219e-02	1.185879e-02	4.305665e-01
2.786121168629824e-02	1.199696e-02	4.305974e-01
2.818382931264508e-02	1.213676e-02	4.306285e-01
2.851018267503964e-02	1.227820e-02	4.306601e-01
2.884031503126662e-02	1.242129e-02	4.306920e-01
2.917427014001224e-02	1.256607e-02	4.307243e-01
2.951209226666444e-02	1.271254e-02	4.307570e-01
2.985382618918018e-02	1.286073e-02	4.307900e-01
3.019951720402076e-02	1.301066e-02	4.308235e-01
3.054921113215574e-02	1.316235e-02	4.308573e-01
3.090295432513652e-02	1.331582e-02	4.308916e-01
3.126079367124017e-02	1.347110e-02	4.309262e-01
3.162277660168442e-02	1.362819e-02	4.309613e-01
3.198895109691462e-02	1.378713e-02	4.309967e-01
3.235936569296348e-02	1.394794e-02	4.310326e-01
3.273406948788447e-02	1.411064e-02	4.310689e-01
3.311311214825978e-02	1.427525e-02	4.311056e-01
3.349654391578344e-02	1.444179e-02	4.311428e-01
3.388441561392094e-02	1.461030e-02	4.311804e-01
3.427677865464574e-02	1.478078e-02	4.312184e-01
3.467368504525388e-02	1.495327e-02	4.312569e-01
3.507518739525752e-02	1.512778e-02	4.312958e-01
3.548133892335828e-02	1.530435e-02	4.313352e-01
3.589219346450127e-02	1.548300e-02	4.313751e-01
3.630780547701089e-02	1.566375e-02	4.314154e-01
3.672823004980923e-02	1.584662e-02	4.314562e-01
3.715352290971803e-02	1.603165e-02	4.314975e-01
3.758374042884521e-02	1.621886e-02	4.315393e-01
3.801893963205692e-02	1.640827e-02	4.315815e-01
3.845917820453617e-02	1.659992e-02	4.316243e-01
3.890451449942889e-02	1.679382e-02	4.316675e-01
3.935500754557858e-02	1.699000e-02	4.317113e-01
3.981071705535057e-02	1.718850e-02	4.317556e-01
4.027170343254678e-02	1.738934e-02	4.318004e-01
4.073802778041215e-02	1.759254e-02	4.318458e-01
4.120975190973390e-02	1.779815e-02	4.318916e-01
4.168693834703444e-02	1.800617e-02	4.319381e-01
4.216965034285914e-02	1.821666e-02	4.319850e-01
4.265795188016019e-02	1.842962e-02	4.320325e-01
4.315190768277746e-02	1.864510e-02	4.320806e-01
4.365158322401755e-02	1.886313e-02	4.321293e-01
4.415704473533221e-02	1.908372e-02	4.321785e-01
4.466835921509730e-02	1.930693e-02	4.322283e-01
4.518559443749323e-02	1.953277e-02	4.322787e-01
4.570881896148851e-02	1.976128e-02	4.323297e-01
4.623810213992705e-02	1.999249e-02	4.323812e-01
4.677351412872086e-02	2.022643e-02	4.324334e-01
4.731512589614911e-02	2.046314e-02	4.324863e-01
4.786300923226491e-02	2.070265e-02	4.325397e-01
4.841723675841102e-02	2.094499e-02	4.325938e-01
4.897788193684572e-02	2.119021e-02	4.326485e-01
4.954501908048014e-02	2.143832e-02	4.327038e-01
5.011872336272837e-02	2.168937e-02	4.327599e-01
5.069907082747159e-02	2.194340e-02	4.328165e-01
5.128613839913766e-02	2.220043e-02	4.328739e-01
5.188000389289729e-02	2.246051e-02	4.329319e-01
5.248074602497847e-02	2.272367e-02	4.329906e-01
5.308844442310006e-02	2.298995e-02	4.330500e-01
5.370317963702651e-02	2.325939e-02	4.331101e-01
5.432503314924457e-02	2.353203e-02	4.331709e-01
5.495408738576373e-02	2.380790e-02	4.332325e-01
5.559042572704165e-02	2.408704e-02	4.332948e-01
5.623413251903622e-02	2.436950e-02	4.333578e-01
5.688529308438547e-02	2.465531e-02	4.334216e-01
5.754399373371704e-02	2.494452e-02	4.334861e-01
5.821032177708851e-02	2.523716e-02	4.335513e-01
5.888436553556028e-02	2.553328e-02	4.336174e-01
5.956621435290246e-02	2.583292e-02	4.336841e-01
6.025595860743720e-02	2.613613e-02	4.337518e-01
6.095368972401836e-02	2.644294e-02	4.338202e-01
6.165950018614968e-02	2.675340e-02	4.338894e-01
6.237348354824342e-02	2.706756e-02	4.339594e-01
6.309573444802083e-02	2.738546e-02	4.340303e-01
6.382634861905639e-02	2.770715e-02	4.341020e-01
6.456542290346710e-02	2.803266e-02	4.341746e-01
6.531305526474881e-02	2.836206e-02	4.342480e-01
6.606934480076120e-02	2.869539e-02	4.343223e-01
6.683439175686307e-02	2.903269e-02	4.343975e-01
6.760829753919982e-02	2.937402e-02	4.344736e-01
6.839116472814460e-02	2.971942e-02	4.345506e-01
6.918309709189535e-02	3.006895e-02	4.346285e-01
6.998419960022906e-02	3.042265e-02	4.347074e-01
7.079457843841552e-02	3.078057e-02	4.347872e-01
7.161434102129198e-02	3.114278e-02	4.348679e-01
7.244359600750080e-02	3.150931e-02	4.349496e-01
7.328245331389222e-02	3.188023e-02	4.350323e-01
7.413102413009361e-02	3.225559e-02	4.351159e-01
7.498942093324747e-02	3.263544e-02	4.352006e-01
7.585775750292029e-02	3.301984e-02	4.352863e-01
7.673614893618383e-02	3.340885e-02	4.353730e-01
7.762471166287112e-02	3.380251e-02	4.354607e-01
7.852356346100917e-02	3.420090e-02	4.355495e-01
7.943282347243016e-02	3.460407e-02	4.356394e-01
8.035261221856377e-02	3.501207e-02	4.357303e-01
8.128305161641199e-02	3.542497e-02	4.358223e-01
8.222426499470922e-02	3.584283e-02	4.359154e-01
8.317637711026922e-02	3.626570e-02	4.360097e-01
8.413951416452166e-02	3.669367e-02	4.361050e-01
8.511380382023982e-02	3.712678e-02	4.362016e-01
8.609937521846227e-02	3.756509e-02	4.362992e-01
8.709635899561032e-02	3.800868e-02	4.363981e-01
8.810488730080369e-02	3.845761e-02	4.364980e-01
8.912509381337687e-02	3.891195e-02	4.365993e-01
9.015711376059803e-02	3.937177e-02	4.367017e-01
9.120108393559334e-02	3.983712e-02	4.368054e-01
9.225714271547872e-02	4.030810e-02	4.369103e-01
9.332543007970155e-02	4.078475e-02	4.370165e-01
9.440608762859481e-02	4.126716e-02	4.371239e-01
9.549925860214611e-02	4.175539e-02	4.372326e-01
9.660508789898389e-02	4.224953e-02	4.373427e-01
9.772372209558365e-02	4.274964e-02	4.374541e-01
9.885530946569650e-02	4.325580e-02	4.375668e-01
1.000000000000027e-01	4.376809e-02	4.376808e-01
1.011579454259926e-01	4.428657e-02	4.377963e-01
1.023292992280781e-01	4.481134e-02	4.379131e-01
1.035142166679372e-01	4.534247e-02	4.380313e-01
1.047128548050928e-01	4.588004e-02	4.381510e-01
1.059253725177317e-01	4.642413e-02	4.382721e-01
1.071519305237635e-01	4.697483e-02	4.383946e-01
1.083926914021233e-01	4.753222e-02	4.385186e-01
1.096478196143215e-01	4.809638e-02	4.386442e-01
1.109174815262431e-01	4.866739e-02	4.387712e-01
1.122018454301994e-01	4.924536e-02	4.388998e-01
1.135010815672346e-01	4.983036e-02	4.390298e-01
1.148153621496914e-01	5.042249e-02	4.391615e-01
1.161448613840375e-01	5.102183e-02	4.392948e-01
1.174897554939562e-01	5.162848e-02	4.394296e-01
1.188502227437051e-01	5.224254e-02	4.395661e-01
1.202264434617446e-01	5.286409e-02	4.397043e-01
1.216186000646402e-01	5.349323e-02	4.398441e-01
1.230268770812416e-01	5.413006e-02	4.399857e-01
1.244514611771420e-01	5.477557e-02	4.401360e-01
1.258925411794203e-01	5.542815e-02	4.402815e-01
1.273503081016697e-01	5.608874e-02	4.404288e-01
1.288249551693170e-01	5.675743e-02	4.405779e-01
1.303166778452336e-01	5.743432e-02	4.407288e-01
1.318256738556444e-01	5.811952e-02	4.408816e-01
1.333521432163362e-01	5.881314e-02	4.410363e-01
1.348962882591692e-01	5.951528e-02	4.411929e-01
1.364583136588964e-01	6.022606e-02	4.413514e-01
1.380384264602924e-01	6.094560e-02	4.415118e-01
1.396368361055978e-01	6.167399e-02	4.416742e-01
1.412537544622795e-01	6.241137e-02	4.418387e-01
1.428893958511144e-01	6.315784e-02	4.420051e-01
1.445439770745969e-01	6.391353e-02	4.421736e-01
1.462177174456760e-01	6.467856e-02	4.423442e-01
1.479108388168250e-01	6.545305e-02	4.425169e-01
1.496235656094477e-01	6.623711e-02	4.426917e-01
1.513561248436252e-01	6.703090e-02	4.428687e-01
1.531087461682075e-01	6.783451e-02	4.430479e-01
1.548816618912527e-01	6.864810e-02	4.432293e-01
1.566751070108195e-01	6.947178e-02	4.434130e-01
1.584893192461160e-01	7.030570e-02	4.435990e-01
1.603245390690088e-01	7.114998e-02	4.437872e-01
1.621810097358978e-01	7.200477e-02	4.439778e-01
1.640589773199587e-01	7.287021e-02	4.441708e-01
1.659586907437610e-01	7.374644e-02	4.443662e-01
1.678804018122610e-01	7.463359e-02	4.445640e-01
1.698243652461795e-01	7.553182e-02	4.447643e-01
1.717908387157639e-01	7.644122e-02	4.449668e-01
1.737800828749427e-01	7.736214e-02	4.451726e-01
1.757923613958745e-01	7.829449e-02	4.453805e-01
1.778279410038976e-01	7.923853e-02	4.455910e-01
1.798870915128842e-01	8.019440e-02	4.458041e-01
1.819700858610038e-01	8.116228e-02	4.460199e-01
1.840772001469011e-01	8.214230e-02	4.462383e-01
1.862087136662924e-01	8.313472e-02	4.464599e-01
1.883649089489857e-01	8.413958e-02	4.466839e-01
1.905460717963305e-01	8.515710e-02	4.469108e-01
1.927524913190994e-01	8.618747e-02	4.471406e-01
1.949844599758105e-01	8.723083e-02	4.473733e-01
1.972422736114914e-01	8.828739e-02	4.476089e-01
1.995262314968941e-01	8.935732e-02	4.478475e-01
2.018366363681623e-01	9.044079e-02	4.480891e-01
2.041737944669592e-01	9.153800e-02	4.483337e-01
2.065380155810593e-01	9.264913e-02	4.485815e-01
2.089296130854104e-01	9.377439e-02	4.488324e-01
2.113489039836712e-01	9.491394e-02	4.490865e-01
2.137962089502299e-01	9.606802e-02	4.493439e-01
2.162718523727088e-01	9.723680e-02	4.496045e-01
2.187761623949621e-01	9.842049e-02	4.498685e-01
2.213094709605707e-01	9.961931e-02	4.501358e-01
2.238721138568410e-01	1.008335e-01	4.504065e-01
2.264644307593131e-01	1.020632e-01	4.506807e-01
2.290867652767845e-01	1.033086e-01	4.509585e-01
2.317394649968552e-01	1.045701e-01	4.512398e-01
2.344228815319996e-01	1.058477e-01	4.515247e-01
2.371373705661730e-01	1.071418e-01	4.518133e-01
2.398832919019566e-01	1.084526e-01	4.521055e-01
2.426610095082492e-01	1.097802e-01	4.524016e-01
2.454708915685108e-01	1.111250e-01	4.527014e-01
2.483133105295650e-01	1.124872e-01	4.530052e-01
2.511886431509660e-01	1.138671e-01	4.533129e-01
2.540972705549386e-01	1.152648e-01	4.536246e-01
2.570395782768947e-01	1.166806e-01	4.539403e-01
2.600159563165356e-01	1.181149e-01	4.542601e-01
2.630267991895467e-01	1.195678e-01	4.545841e-01
2.660725059798895e-01	1.210397e-01	4.549123e-01
2.691534803927003e-01	1.225307e-01	4.552448e-01
2.722701308078000e-01	1.240413e-01	4.555817e-01
2.754228703338256e-01	1.255716e-01	4.559229e-01
2.786121168629861e-01	1.271220e-01	4.562686e-01
2.818382931264546e-01	1.286927e-01	4.566189e-01
2.851018267504002e-01	1.302840e-01	4.569737e-01
2.884031503126700e-01	1.318964e-01	4.573333e-01
2.917427014001263e-01	1.335299e-01	4.576975e-01
2.951209226666482e-01	1.351850e-01	4.580666e-01
2.985382618918058e-01	1.368621e-01	4.584406e-01
3.019951720402116e-01	1.385613e-01	4.588195e-01
3.054921113215615e-01	1.402830e-01	4.592034e-01
3.090295432513693e-01	1.420276e-01	4.595924e-01
3.126079367124059e-01	1.437955e-01	4.599867e-01
3.162277660168485e-01	1.455869e-01	4.603861e-01
3.198895109691505e-01	1.474022e-01	4.607909e-01
3.235936569296390e-01	1.492418e-01	4.612011e-01
3.273406948788491e-01	1.511060e-01	4.616168e-01
3.311311214826022e-01	1.529952e-01	4.620381e-01
3.349654391578389e-01	1.549098e-01	4.624650e-01
3.388441561392140e-01	1.568502e-01	4.628977e-01
3.427677865464619e-01	1.588167e-01	4.633362e-01
3.467368504525433e-01	1.608098e-01	4.637807e-01
3.507518739525798e-01	1.628299e-01	4.642311e-01
3.548133892335875e-01	1.648774e-01	4.646877e-01
3.589219346450174e-01	1.669527e-01	4.651504e-01
3.630780547701137e-01	1.690562e-01	4.656195e-01
3.672823004980972e-01	1.711884e-01	4.660950e-01
3.715352290971853e-01	1.733498e-01	4.665769e-01
3.758374042884570e-01	1.755407e-01	4.670655e-01
3.801893963205742e-01	1.777616e-01	4.675607e-01
3.845917820453668e-01	1.800131e-01	4.680628e-01
3.890451449942940e-01	1.822956e-01	4.685717e-01
3.935500754557910e-01	1.846095e-01	4.690877e-01
3.981071705535110e-01	1.869554e-01	4.696108e-01
4.027170343254731e-01	1.893339e-01	4.701412e-01
4.073802778041269e-01	1.917453e-01	4.706789e-01
4.120975190973445e-01	1.941903e-01	4.712241e-01
4.168693834703500e-01	1.966694e-01	4.717769e-01
4.216965034285970e-01	1.991830e-01	4.723374e-01
4.265795188016075e-01	2.017319e-01	4.729058e-01
4.315190768277803e-01	2.043166e-01	4.734821e-01
4.365158322401813e-01	2.069376e-01	4.740666e-01
4.415704473533281e-01	2.095955e-01	4.746592e-01
4.466835921509789e-01	2.122910e-01	4.752603e-01
4.518559443749383e-01	2.150242e-01	4.758689e-01
4.570881896148912e-01	2.177972e-01	4.764883e-01
4.623810213992767e-01	2.206093e-01	4.771158e-01
4.677351412872148e-01	2.234614e-01	4.777520e-01
4.731512589614973e-01	2.263542e-01	4.783971e-01
4.786300923226554e-01	2.292884e-01	4.790514e-01
4.841723675841167e-01	2.322648e-01	4.797151e-01
4.897788193684638e-01	2.352840e-01	4.803882e-01
4.954501908048080e-01	2.383467e-01	4.810709e-01
5.011872336272902e-01	2.414536e-01	4.817633e-01
5.069907082747226e-01	2.446054e-01	4.824653e-01
5.128613839913834e-01	2.478027e-01	4.831767e-01
5.188000389289799e-01	2.510457e-01	4.838969e-01
5.248074602497916e-01	2.543410e-01	4.846368e-01
5.308844442310076e-01	2.576815e-01	4.853816e-01
5.370317963702722e-01	2.610711e-01	4.861371e-01
5.432503314924529e-01	2.645102e-01	4.869030e-01
5.495408738576446e-01	2.679996e-01	4.876791e-01
5.559042572704238e-01	2.715399e-01	4.884653e-01
5.623413251903696e-01	2.751393e-01	4.892745e-01
5.688529308438623e-01	2.787880e-01	4.900881e-01
5.754399373371781e-01	2.824917e-01	4.909143e-01
5.821032177708928e-01	2.862507e-01	4.917524e-01
5.888436553556107e-01	2.900662e-01	4.926032e-01
5.956621435290324e-01	2.939394e-01	4.934667e-01
6.025595860743801e-01	2.978714e-01	4.943435e-01
6.095368972401917e-01	3.018631e-01	4.952336e-01
6.165950018615051e-01	3.059157e-01	4.961372e-01
6.237348354824425e-01	3.100303e-01	4.970547e-01
6.309573444802167e-01	3.142081e-01	4.979863e-01
6.382634861905725e-01	3.184502e-01	4.989322e-01
6.456542290346797e-01	3.227578e-01	4.998927e-01
6.531305526474968e-01	3.271323e-01	5.008681e-01
6.606934480076208e-01	3.315748e-01	5.018587e-01
6.683439175686396e-01	3.360866e-01	5.028648e-01
6.760829753920072e-01	3.406692e-01	5.038866e-01
6.839116472814551e-01	3.453237e-01	5.049245e-01
6.918309709189626e-01	3.500518e-01	5.059788e-01
6.998419960023000e-01	3.548547e-01	5.070497e-01
7.079457843841648e-01	3.597339e-01	5.081377e-01
7.161434102129293e-01	3.646910e-01	5.092430e-01
7.244359600750176e-01	3.697275e-01	5.103661e-01
7.328245331389320e-01	3.748450e-01	5.115072e-01
7.413102413009458e-01	3.800451e-01	5.126666e-01
7.498942093324845e-01	3.853294e-01	5.138450e-01
7.585775750292129e-01	3.906988e-01	5.150414e-01
7.673614893618484e-01	3.961582e-01	5.162601e-01
7.762471166287216e-01	4.017051e-01	5.174965e-01
7.852356346101020e-01	4.073442e-01	5.187541e-01
7.943282347243121e-01	4.130768e-01	5.200329e-01
8.035261221856483e-01	4.189033e-01	5.213313e-01
8.128305161641307e-01	4.248309e-01	5.226563e-01
8.222426499471031e-01	4.308513e-01	5.239954e-01
8.317637711027034e-01	4.369773e-01	5.253622e-01
8.413951416452279e-01	4.432048e-01	5.267499e-01
8.511380382024096e-01	4.495390e-01	5.281623e-01
8.609937521846343e-01	4.559825e-01	5.296002e-01
8.709635899561147e-01	4.625338e-01	5.310598e-01
8.810488730080486e-01	4.691991e-01	5.325460e-01
8.912509381337804e-01	4.759796e-01	5.340579e-01
9.015711376059924e-01	4.828780e-01	5.355961e-01
9.120108393559457e-01	4.898966e-01	5.371609e-01
9.225714271547996e-01	4.970386e-01	5.387536e-01
9.332543007970279e-01	5.043064e-01	5.403741e-01
9.440608762859607e-01	5.117045e-01	5.420249e-01
9.549925860214737e-01	5.192328e-01	5.437035e-01
9.660508789898518e-01	5.268975e-01	5.454139e-01
9.772372209558496e-01	5.346954e-01	5.471500e-01
9.885530946569782e-01	5.426374e-01	5.489209e-01
1.000000000000040e+00	5.507240e-01	5.507240e-01
1.011579454259939e+00	5.589584e-01	5.525600e-01
1.023292992280795e+00	5.673441e-01	5.544298e-01
1.035142166679385e+00	5.758847e-01	5.563339e-01
1.047128548050942e+00	5.845845e-01	5.582739e-01
1.059253725177332e+00	5.934468e-01	5.602499e-01
1.071519305237649e+00	6.024758e-01	5.622631e-01
1.083926914021247e+00	6.116755e-01	5.643144e-01
1.096478196143229e+00	6.210504e-01	5.664046e-01
1.109174815262446e+00	6.306047e-01	5.685350e-01
1.122018454302009e+00	6.403430e-01	5.707063e-01
1.135010815672361e+00	6.502701e-01	5.729197e-01
1.148153621496929e+00	6.603907e-01	5.751763e-01
1.161448613840390e+00	6.707101e-01	5.774772e-01
1.174897554939577e+00	6.812332e-01	5.798235e-01
1.188502227437067e+00	6.919655e-01	5.822164e-01
1.202264434617462e+00	7.029126e-01	5.846573e-01
1.216186000646418e+00	7.140802e-01	5.871472e-01
1.230268770812432e+00	7.254744e-01	5.896877e-01
1.244514611771437e+00	7.371011e-01	5.922800e-01
1.258925411794219e+00	7.489671e-01	5.949257e-01
1.273503081016714e+00	7.610787e-01	5.976261e-01
1.288249551693187e+00	7.734430e-01	6.003829e-01
1.303166778452353e+00	7.860670e-01	6.031976e-01
1.318256738556462e+00	7.989582e-01	6.060718e-01
1.333521432163379e+00	8.121243e-01	6.090073e-01
1.348962882591710e+00	8.255731e-01	6.120058e-01
1.364583136588982e+00	8.393132e-01	6.150693e-01
1.380384264602943e+00	8.533530e-01	6.181996e-01
1.396368361055996e+00	8.677015e-01	6.213987e-01
1.412537544622813e+00	8.823679e-01	6.246687e-01
1.428893958511163e+00	8.973621e-01	6.280117e-01
1.445439770745988e+00	9.126941e-01	6.314300e-01
1.462177174456780e+00	9.283743e-01	6.349260e-01
1.479108388168270e+00	9.444137e-01	6.385021e-01
1.496235656094496e+00	9.608237e-01	6.421607e-01
1.513561248436272e+00	9.776161e-01	6.459046e-01
1.531087461682095e+00	9.948034e-01	6.497365e-01
1.548816618912547e+00	1.012398e+00	6.536593e-01
1.566751070108216e+00	1.030414e+00	6.576760e-01
1.584893192461181e+00	1.048865e+00	6.617893e-01
1.603245390690110e+00	1.067767e+00	6.660036e-01
1.621810097358999e+00	1.087134e+00	6.703213e-01
1.640589773199610e+00	1.106982e+00	6.747464e-01
1.659586907437632e+00	1.127328e+00	6.792824e-01
1.678804018122632e+00	1.148190e+00	6.839334e-01
1.698243652461817e+00	1.169586e+00	6.887035e-01
1.717908387157662e+00	1.191536e+00	6.935970e-01
1.737800828749450e+00	1.214060e+00	6.986184e-01
1.757923613958769e+00	1.237178e+00	7.037723e-01
1.778279410039000e+00	1.260914e+00	7.090642e-01
1.798870915128866e+00	1.285290e+00	7.144982e-01
1.819700858610062e+00	1.310332e+00	7.200809e-01
1.840772001469036e+00	1.336064e+00	7.258175e-01
1.862087136662948e+00	1.362516e+00	7.317143e-01
1.883649089489883e+00	1.389714e+00	7.377775e-01
1.905460717963330e+00	1.417690e+00	7.440140e-01
1.927524913191020e+00	1.446474e+00	7.504309e-01
1.949844599758130e+00	1.476102e+00	7.570355e-01
1.972422736114940e+00	1.506607e+00	7.638359e-01
1.995262314968967e+00	1.538029e+00	7.708403e-01
2.018366363681650e+00	1.570405e+00	7.780577e-01
2.041737944669619e+00	1.603780e+00	7.854974e-01
2.065380155810621e+00	1.638196e+00	7.931692e-01
2.089296130854132e+00	1.673701e+00	8.010837e-01
2.113489039836740e+00	1.710347e+00	8.092528e-01
2.137962089502327e+00	1.748182e+00	8.176860e-01
2.162718523727116e+00	1.787271e+00	8.264000e-01
2.187761623949650e+00	1.827661e+00	8.354021e-01
2.213094709605736e+00	1.869431e+00	8.447134e-01
2.238721138568439e+00	1.912634e+00	8.543425e-01
2.264644307593161e+00	1.957356e+00	8.643105e-01
2.290867652767875e+00	2.003670e+00	8.746337e-01
2.317394649968582e+00	2.051661e+00	8.853308e-01
2.344228815320027e+00	2.101415e+00	8.964207e-01
2.371373705661762e+00	2.153019e+00	9.079207e-01
2.398832919019598e+00	2.206594e+00	9.198614e-01
2.426610095082525e+00	2.262237e+00	9.322624e-01
2.454708915685141e+00	2.320074e+00	9.451523e-01
2.483133105295682e+00	2.380227e+00	9.585580e-01
2.511886431509694e+00	2.442837e+00	9.725110e-01
2.540972705549420e+00	2.508052e+00	9.870439e-01
2.570395782768981e+00	2.576043e+00	1.002197e+00
2.600159563165390e+00	2.646959e+00	1.017998e+00
2.630267991895502e+00	2.721013e+00	1.034500e+00
2.660725059798930e+00	2.798405e+00	1.051745e+00
2.691534803927039e+00	2.879359e+00	1.069783e+00
2.722701308078037e+00	2.964121e+00	1.088669e+00
2.754228703338293e+00	3.052978e+00	1.108469e+00
2.786121168629898e+00	3.146171e+00	1.129230e+00
2.818382931264583e+00	3.244075e+00	1.151041e+00
2.851018267504041e+00	3.347029e+00	1.173977e+00
2.884031503126739e+00	3.455425e+00	1.198123e+00
2.917427014001301e+00	3.569698e+00	1.223577e+00
2.951209226666522e+00	3.690323e+00	1.250444e+00
2.985382618918097e+00	3.817850e+00	1.278848e+00
3.019951720402156e+00	3.952838e+00	1.308908e+00
3.054921113215655e+00	4.096030e+00	1.340797e+00
3.090295432513734e+00	4.248100e+00	1.374658e+00
3.126079367124100e+00	4.409906e+00	1.410683e+00
3.162277660168527e+00	4.582226e+00	1.449027e+00
3.198895109691547e+00	4.760842e+00	1.488277e+00
3.235936569296434e+00	4.891288e+00	1.511553e+00
3.273406948788535e+00	4.948817e+00	1.511825e+00
3.311311214826066e+00	4.974978e+00	1.502419e+00
3.349654391578433e+00	4.986705e+00	1.488722e+00
3.388441561392184e+00	4.991671e+00	1.473147e+00
3.427677865464664e+00	4.993762e+00	1.456894e+00
3.467368504525480e+00	4.994680e+00	1.440482e+00
3.507518739525846e+00	4.995165e+00	1.424131e+00
3.548133892335922e+00	4.995468e+00	1.407914e+00
3.589219346450222e+00	4.995626e+00	1.391842e+00
3.630780547701185e+00	4.995765e+00	1.375948e+00
3.672823004981021e+00	4.996057e+00	1.360277e+00
3.715352290971902e+00	4.996224e+00	1.344751e+00
3.758374042884621e+00	4.996392e+00	1.329403e+00
3.801893963205793e+00	4.996422e+00	1.314193e+00
3.845917820453719e+00	4.996730e+00	1.299230e+00
3.890451449942991e+00	4.996856e+00	1.284390e+00
3.935500754557963e+00	4.997009e+00	1.269727e+00
3.981071705535163e+00	4.997155e+00	1.255229e+00
4.027170343254785e+00	4.997334e+00	1.240905e+00
4.073802778041323e+00	4.997437e+00	1.226725e+00
4.120975190973500e+00	4.997592e+00	1.212721e+00
4.168693834703554e+00	4.997706e+00	1.198866e+00
4.216965034286026e+00	4.997837e+00	1.185174e+00
4.265795188016133e+00	4.997964e+00	1.171637e+00
4.315190768277861e+00	4.998089e+00	1.158254e+00
4.365158322401872e+00	4.998211e+00	1.145024e+00
4.415704473533340e+00	4.998331e+00	1.131944e+00
4.466835921509849e+00	4.998438e+00	1.119011e+00
4.518559443749443e+00	4.998563e+00	1.106229e+00
4.570881896148974e+00	4.998675e+00	1.093591e+00
4.623810213992828e+00	4.998787e+00	1.081097e+00
4.677351412872210e+00	4.998893e+00	1.068744e+00
4.731512589615035e+00	4.998999e+00	1.056533e+00
4.786300923226618e+00	4.999107e+00	1.044461e+00
4.841723675841231e+00	4.999204e+00	1.032526e+00
4.897788193684701e+00	4.999303e+00	1.020727e+00
4.954501908048146e+00	4.999401e+00	1.009062e+00
5.011872336272970e+00	4.999502e+00	9.975318e-01
5.069907082747293e+00	4.999590e+00	9.861305e-01
5.128613839913901e+00	4.999682e+00	9.748603e-01
5.188000389289868e+00	4.999772e+00	9.637185e-01
5.248074602497986e+00	4.999860e+00	9.527037e-01
5.308844442310146e+00	4.999967e+00	9.418182e-01
5.370317963702794e+00	5.000031e+00	9.310492e-01
5.432503314924602e+00	5.000115e+00	9.204072e-01
5.495408738576518e+00	5.000197e+00	9.098864e-01
5.559042572704313e+00	5.000278e+00	8.994854e-01
5.623413251903771e+00	5.000357e+00	8.892031e-01
5.688529308438699e+00	5.000434e+00	8.790381e-01
5.754399373371857e+00	5.000510e+00	8.689891e-01
5.821032177709005e+00	5.000523e+00	8.590440e-01
5.888436553556184e+00	5.000658e+00	8.492335e-01
5.956621435290404e+00	5.000730e+00	8.395245e-01
6.025595860743880e+00	5.000800e+00	8.299263e-01
6.095368972401998e+00	5.000870e+00	8.204376e-01
6.165950018615132e+00	5.000937e+00	8.110571e-01
6.237348354824507e+00	5.001005e+00	8.017837e-01
6.309573444802251e+00	5.001070e+00	7.926162e-01
6.382634861905810e+00	5.001135e+00	7.835534e-01
6.456542290346882e+00	5.001198e+00	7.745939e-01
6.531305526475056e+00	5.001261e+00	7.657368e-01
6.606934480076296e+00	5.001327e+00	7.569815e-01
6.683439175686486e+00	5.001387e+00	7.483253e-01
6.760829753920162e+00	5.001441e+00	7.397674e-01
6.839116472814641e+00	5.001500e+00	7.313079e-01
6.918309709189718e+00	5.001557e+00	7.229449e-01
6.998419960023093e+00	5.001622e+00	7.146787e-01
7.079457843841742e+00	5.001671e+00	7.065049e-01
7.161434102129387e+00	5.001722e+00	6.984247e-01
7.244359600750272e+00	5.001776e+00	6.904373e-01
7.328245331389418e+00	5.001829e+00	6.825411e-01
7.413102413009557e+00	5.001880e+00	6.747351e-01
7.498942093324944e+00	5.001933e+00	6.670185e-01
7.585775750292229e+00	5.001981e+00	6.593895e-01
7.673614893618587e+00	5.001956e+00	6.518382e-01
7.762471166287319e+00	5.002079e+00	6.443925e-01
7.852356346101125e+00	5.002126e+00	6.370223e-01
7.943282347243228e+00	5.002173e+00	6.297362e-01
8.035261221856590e+00	5.002219e+00	6.225334e-01
8.128305161641416e+00	5.002264e+00	6.154130e-01
8.222426499471139e+00	5.002309e+00	6.083738e-01
8.317637711027144e+00	5.002353e+00	6.014151e-01
8.413951416452390e+00	5.002428e+00	5.945396e-01
8.511380382024209e+00	5.002469e+00	5.877388e-01
8.609937521846456e+00	5.002516e+00	5.810166e-01
8.709635899561263e+00	5.002522e+00	5.743664e-01
8.810488730080602e+00	5.002563e+00	5.677963e-01
8.912509381337923e+00	5.002611e+00	5.613022e-01
9.015711376060043e+00	5.002642e+00	5.548804e-01
9.120108393559576e+00	5.002680e+00	5.485330e-01
9.225714271548117e+00	5.002718e+00	5.422581e-01
9.332543007970402e+00	5.002756e+00	5.360550e-01
9.440608762859732e+00	5.002793e+00	5.299227e-01
9.549925860214866e+00	5.002829e+00	5.238605e-01
9.660508789898644e+00	5.002865e+00	5.178677e-01
9.772372209558625e+00	5.002900e+00	5.119433e-01
9.885530946569913e+00	5.002935e+00	5.060866e-01
1.000000000000053e+01	5.002969e+00	5.002970e-01
1.011579454259952e+01	5.003003e+00	4.945734e-01
1.023292992280809e+01	5.003036e+00	4.889153e-01
1.035142166679399e+01	5.003069e+00	4.833219e-01
1.047128548050956e+01	5.003101e+00	4.777925e-01
1.059253725177346e+01	5.003133e+00	4.723262e-01
1.071519305237664e+01	5.003165e+00	4.669225e-01
1.083926914021262e+01	5.003240e+00	4.615846e-01
1.096478196143244e+01	5.003226e+00	4.562996e-01
1.109174815262461e+01	5.003275e+00	4.510809e-01
1.122018454302024e+01	5.003304e+00	4.459200e-01
1.135010815672376e+01	5.003367e+00	4.408211e-01
1.148153621496945e+01	5.003343e+00	4.357730e-01
1.161448613840405e+01	5.003371e+00	4.307871e-01
1.174897554939593e+01	5.003399e+00	4.258583e-01
1.188502227437083e+01	5.003427e+00	4.209859e-01
1.202264434617478e+01	5.003454e+00	4.161692e-01
1.216186000646434e+01	5.003480e+00	4.114075e-01
1.230268770812448e+01	5.003507e+00	4.067003e-01
1.244514611771453e+01	5.003533e+00	4.020469e-01
1.258925411794236e+01	5.003559e+00	3.974468e-01
1.273503081016731e+01	5.003604e+00	3.929008e-01
1.288249551693204e+01	5.003609e+00	3.884037e-01
1.303166778452371e+01	5.003633e+00	3.839595e-01
1.318256738556479e+01	5.003657e+00	3.795662e-01
1.333521432163397e+01	5.003681e+00	3.752232e-01
1.348962882591728e+01	5.003705e+00	3.709297e-01
1.364583136589000e+01	5.003732e+00	3.666857e-01
1.380384264602961e+01	5.003751e+00	3.624897e-01
1.396368361056015e+01	5.003773e+00	3.583419e-01
1.412537544622832e+01	5.003798e+00	3.542417e-01
1.428893958511182e+01	5.003818e+00	3.501882e-01
1.445439770746007e+01	5.003839e+00	3.461811e-01
1.462177174456799e+01	5.003860e+00	3.422199e-01
1.479108388168289e+01	5.003881e+00	3.383039e-01
1.496235656094517e+01	5.003902e+00	3.344328e-01
1.513561248436292e+01	5.003923e+00	3.306059e-01
1.531087461682115e+01	5.003943e+00	3.268228e-01
1.548816618912568e+01	5.003963e+00	3.230830e-01
1.566751070108237e+01	5.003983e+00	3.193859e-01
1.584893192461202e+01	5.004002e+00	3.157312e-01
1.603245390690131e+01	5.004021e+00	3.121182e-01
1.621810097359021e+01	5.004040e+00	3.085466e-01
1.640589773199631e+01	5.004059e+00	3.050159e-01
1.659586907437654e+01	5.004077e+00	3.015255e-01
1.678804018122655e+01	5.004096e+00	2.980750e-01
1.698243652461840e+01	5.004113e+00	2.946640e-01
1.717908387157685e+01	5.004131e+00	2.912921e-01
1.737800828749473e+01	5.004148e+00	2.879587e-01
1.757923613958792e+01	5.004166e+00	2.846634e-01
1.778279410039023e+01	5.004183e+00	2.814059e-01
1.798870915128889e+01	5.004200e+00	2.781856e-01
1.819700858610086e+01	5.004216e+00	2.750021e-01
1.840772001469060e+01	5.004232e+00	2.718551e-01
1.862087136662973e+01	5.004241e+00	2.687436e-01
1.883649089489908e+01	5.004265e+00	2.656686e-01
1.905460717963356e+01	5.004241e+00	2.626263e-01
1.927524913191046e+01	5.004292e+00	2.596227e-01
1.949844599758157e+01	5.004476e+00	2.566603e-01
1.972422736114967e+01	5.004326e+00	2.537147e-01
1.995262314968994e+01	5.004341e+00	2.508112e-01
2.018366363681676e+01	5.004356e+00	2.479409e-01
2.041737944669647e+01	5.004370e+00	2.451035e-01
2.065380155810648e+01	5.004385e+00	2.422985e-01
2.089296130854159e+01	5.004406e+00	2.395259e-01
2.113489039836768e+01	5.004413e+00	2.367844e-01
2.137962089502355e+01	5.004432e+00	2.340749e-01
2.162718523727145e+01	5.004440e+00	2.313958e-01
2.187761623949679e+01	5.004454e+00	2.287477e-01
2.213094709605766e+01	5.004467e+00	2.261298e-01
2.238721138568469e+01	5.004620e+00	2.235482e-01
2.264644307593191e+01	5.004493e+00	2.209836e-01
2.290867652767906e+01	5.004506e+00	2.184546e-01
2.317394649968613e+01	5.004519e+00	2.159545e-01
2.344228815320058e+01	5.004531e+00	2.134831e-01
2.371373705661793e+01	5.004544e+00	2.110399e-01
2.398832919019630e+01	5.004649e+00	2.086285e-01
2.426610095082557e+01	5.004568e+00	2.062370e-01
2.454708915685174e+01	5.004581e+00	2.038767e-01
2.483133105295715e+01	5.004553e+00	2.015419e-01
2.511886431509727e+01	5.004512e+00	1.992332e-01
2.540972705549454e+01	5.004614e+00	1.969566e-01
2.570395782769015e+01	5.004656e+00	1.947037e-01
2.600159563165425e+01	5.004682e+00	1.924759e-01
2.630267991895537e+01	5.004648e+00	1.902714e-01
2.660725059798967e+01	5.004660e+00	1.880938e-01
2.691534803927074e+01	5.004671e+00	1.859411e-01
2.722701308078073e+01	5.004681e+00	1.838131e-01
2.754228703338329e+01	5.004692e+00	1.817094e-01
2.786121168629935e+01	5.004703e+00	1.796297e-01
2.818382931264621e+01	5.004713e+00	1.775739e-01
2.851018267504078e+01	5.004723e+00	1.755416e-01
2.884031503126777e+01	5.004740e+00	1.735328e-01
2.917427014001340e+01	5.004761e+00	1.715471e-01
2.951209226666561e+01	5.004774e+00	1.695838e-01
2.985382618918138e+01	5.004778e+00	1.676428e-01
3.019951720402196e+01	5.004776e+00	1.657237e-01
3.054921113215696e+01	5.004782e+00	1.638269e-01
3.090295432513775e+01	5.004790e+00	1.619518e-01
3.126079367124142e+01	5.004799e+00	1.600983e-01
3.162277660168569e+01	5.004812e+00	1.582661e-01
3.198895109691589e+01	5.004806e+00	1.564542e-01
3.235936569296477e+01	5.004827e+00	1.546639e-01
3.273406948788578e+01	5.004834e+00	1.528937e-01
3.311311214826110e+01	5.004843e+00	1.511438e-01
3.349654391578478e+01	5.004851e+00	1.494140e-01
3.388441561392230e+01	5.004860e+00	1.477039e-01
3.427677865464710e+01	5.004868e+00	1.460134e-01
3.467368504525526e+01	5.005105e+00	1.443488e-01
3.507518739525892e+01	5.004885e+00	1.426902e-01
3.548133892335969e+01	5.004892e+00	1.410570e-01
3.589219346450270e+01	5.005004e+00	1.394455e-01
3.630780547701234e+01	5.004910e+00	1.378467e-01
3.672823004981070e+01	5.004961e+00	1.362702e-01
3.715352290971951e+01	5.004967e+00	1.347104e-01
3.758374042884670e+01	5.004978e+00	1.331687e-01
3.801893963205843e+01	5.004939e+00	1.316433e-01
3.845917820453771e+01	5.004946e+00	1.301366e-01
3.890451449943043e+01	5.004970e+00	1.286475e-01
3.935500754558015e+01	5.004966e+00	1.271748e-01
3.981071705535216e+01	5.004968e+00	1.257191e-01
4.027170343254838e+01	5.004975e+00	1.242802e-01
4.073802778041377e+01	5.004982e+00	1.228577e-01
4.120975190973556e+01	5.004989e+00	1.214516e-01
4.168693834703610e+01	5.004996e+00	1.200615e-01
4.216965034286082e+01	5.005003e+00	1.186873e-01
4.265795188016189e+01	5.005029e+00	1.173293e-01
4.315190768277918e+01	5.005016e+00	1.159860e-01
4.365158322401929e+01	5.005023e+00	1.146584e-01
4.415704473533398e+01	5.005029e+00	1.133461e-01
4.466835921509907e+01	5.005035e+00	1.120488e-01
4.518559443749503e+01	5.005042e+00	1.107663e-01
4.570881896149034e+01	5.005048e+00	1.094985e-01
4.623810213992890e+01	5.005054e+00	1.082452e-01
4.677351412872272e+01	5.005060e+00	1.070063e-01
4.731512589615099e+01	5.005066e+00	1.057815e-01
4.786300923226681e+01	5.004986e+00	1.045690e-01
4.841723675841295e+01	5.005078e+00	1.033739e-01
4.897788193684768e+01	5.005084e+00	1.021907e-01
4.954501908048211e+01	5.005205e+00	1.010234e-01
5.011872336273036e+01	5.005095e+00	9.986478e-02
5.069907082747361e+01	5.005101e+00	9.872175e-02
5.128613839913969e+01	5.005106e+00	9.759180e-02
5.188000389289937e+01	5.005112e+00	9.647478e-02
5.248074602498055e+01	5.005117e+00	9.537055e-02
5.308844442310217e+01	5.005123e+00	9.427895e-02
5.370317963702865e+01	5.005128e+00	9.319985e-02
5.432503314924675e+01	5.005134e+00	9.213310e-02
5.495408738576592e+01	5.005139e+00	9.107856e-02
5.559042572704386e+01	5.005144e+00	9.003608e-02
5.623413251903846e+01	5.005149e+00	8.900554e-02
5.688529308438774e+01	5.005130e+00	8.798636e-02
5.754399373371933e+01	5.005159e+00	8.697969e-02
5.821032177709083e+01	5.005135e+00	8.598363e-02
5.888436553556264e+01	5.005169e+00	8.499996e-02
5.956621435290483e+01	5.005174e+00	8.402706e-02
6.025595860743961e+01	5.005178e+00	8.306529e-02
6.095368972402080e+01	5.005183e+00	8.211453e-02
6.165950018615214e+01	5.005188e+00	8.117464e-02
6.237348354824589e+01	5.005192e+00	8.024552e-02
6.309573444802335e+01	5.005197e+00	7.932702e-02
6.382634861905894e+01	5.005200e+00	7.841903e-02
6.456542290346968e+01	5.005206e+00	7.752146e-02
6.531305526475141e+01	5.005210e+00	7.663415e-02
6.606934480076384e+01	5.005218e+00	7.575703e-02
6.683439175686576e+01	5.005227e+00	7.489000e-02
6.760829753920251e+01	5.005223e+00	7.403268e-02
6.839116472814733e+01	5.005228e+00	7.318529e-02
6.918309709189811e+01	5.005231e+00	7.234761e-02
6.998419960023186e+01	5.005233e+00	7.151948e-02
7.079457843841837e+01	5.005240e+00	7.070089e-02
7.161434102129482e+01	5.005244e+00	6.989164e-02
7.244359600750369e+01	5.005248e+00	6.909166e-02
7.328245331389515e+01	5.005252e+00	6.830084e-02
7.413102413009655e+01	5.005256e+00	6.751904e-02
7.498942093325044e+01	5.005260e+00	6.674621e-02
7.585775750292331e+01	5.005263e+00	6.598222e-02
7.673614893618688e+01	5.005267e+00	6.522698e-02
7.762471166287422e+01	5.005271e+00	6.448038e-02
7.852356346101230e+01	5.005275e+00	6.374232e-02
7.943282347243333e+01	5.005278e+00	6.301272e-02
8.035261221856697e+01	5.005282e+00	6.229147e-02
8.128305161641522e+01	5.005285e+00	6.157846e-02
8.222426499471248e+01	5.005289e+00	6.087362e-02
8.317637711027254e+01	5.005292e+00	6.017685e-02
8.413951416452501e+01	5.005296e+00	5.948805e-02
8.511380382024322e+01	5.005300e+00	5.880714e-02
8.609937521846571e+01	5.005303e+00	5.813402e-02
8.709635899561377e+01	5.005306e+00	5.746860e-02
8.810488730080719e+01	5.005309e+00	5.681079e-02
8.912509381338042e+01	5.005313e+00	5.616053e-02
9.015711376060163e+01	5.005316e+00	5.551771e-02
9.120108393559700e+01	5.005319e+00	5.488224e-02
9.225714271548240e+01	5.005322e+00	5.425404e-02
9.332543007970526e+01	5.005326e+00	5.363303e-02
9.440608762859858e+01	5.005329e+00	5.301913e-02
9.549925860214992e+01	5.005334e+00	5.241228e-02
9.660508789898773e+01	5.005335e+00	5.181233e-02
9.772372209558756e+01	5.005338e+00	5.121927e-02
9.885530946570046e+01	5.005341e+00	5.063300e-02
1.000000000000067e+02	5.005344e+00	5.005344e-02
1.011579454259966e+02	5.005347e+00	4.948051e-02
1.023292992280822e+02	5.005350e+00	4.891414e-02
1.035142166679413e+02	5.005352e+00	4.835425e-02
1.047128548050969e+02	5.005355e+00	4.780078e-02
1.059253725177360e+02	5.005360e+00	4.725364e-02
1.071519305237678e+02	5.005361e+00	4.671275e-02
1.083926914021276e+02	5.005364e+00	4.617806e-02
1.096478196143259e+02	5.005366e+00	4.564948e-02
1.109174815262475e+02	5.005369e+00	4.512696e-02
1.122018454302039e+02	5.005373e+00	4.461043e-02
1.135010815672391e+02	5.005424e+00	4.410023e-02
1.148153621496960e+02	5.005377e+00	4.359501e-02
1.161448613840421e+02	5.005380e+00	4.309601e-02
1.174897554939609e+02	5.005383e+00	4.260271e-02
1.188502227437099e+02	5.005385e+00	4.211507e-02
1.202264434617494e+02	5.005387e+00	4.163300e-02
1.216186000646450e+02	5.005390e+00	4.115645e-02
1.230268770812465e+02	5.005393e+00	4.068536e-02
1.244514611771469e+02	5.005395e+00	4.021965e-02
1.258925411794253e+02	5.005397e+00	3.975928e-02
1.273503081016748e+02	5.005400e+00	3.930418e-02
1.288249551693222e+02	5.005402e+00	3.885429e-02
1.303166778452388e+02	5.005404e+00	3.840955e-02
1.318256738556497e+02	5.005407e+00	3.796989e-02
1.333521432163415e+02	5.005409e+00	3.753527e-02
1.348962882591746e+02	5.005411e+00	3.710563e-02
1.364583136589017e+02	5.005414e+00	3.668090e-02
1.380384264602979e+02	5.005415e+00	3.626103e-02
1.396368361056033e+02	5.005418e+00	3.584597e-02
1.412537544622851e+02	5.005420e+00	3.543566e-02
1.428893958511201e+02	5.005422e+00	3.503005e-02
1.445439770746027e+02	5.005424e+00	3.462908e-02
1.462177174456818e+02	5.005426e+00	3.423269e-02
1.479108388168309e+02	5.005429e+00	3.384085e-02
1.496235656094536e+02	5.005431e+00	3.345349e-02
1.513561248436312e+02	5.005433e+00	3.307056e-02
1.531087461682136e+02	5.005435e+00	3.269202e-02
1.548816618912588e+02	5.005437e+00	3.231781e-02
1.566751070108257e+02	5.005439e+00	3.194789e-02
1.584893192461223e+02	5.005441e+00	3.158220e-02
1.603245390690153e+02	5.005443e+00	3.122069e-02
1.621810097359042e+02	5.005558e+00	3.086402e-02
1.640589773199653e+02	5.005446e+00	3.051004e-02
1.659586907437676e+02	5.005448e+00	3.016081e-02
1.678804018122677e+02	5.005450e+00	2.981557e-02
1.698243652461862e+02	5.005452e+00	2.947429e-02
1.717908387157708e+02	5.005454e+00	2.913691e-02
1.737800828749496e+02	5.005456e+00	2.880339e-02
1.757923613958815e+02	5.005458e+00	2.847369e-02
1.778279410039047e+02	5.005459e+00	2.814777e-02
1.798870915128913e+02	5.005461e+00	2.782557e-02
1.819700858610111e+02	5.005463e+00	2.750706e-02
1.840772001469085e+02	5.005465e+00	2.719220e-02
1.862087136662998e+02	5.005466e+00	2.688095e-02
1.883649089489933e+02	5.005468e+00	2.657325e-02
1.905460717963381e+02	5.005470e+00	2.626908e-02
1.927524913191071e+02	5.005472e+00	2.596839e-02
1.949844599758182e+02	5.005473e+00	2.567114e-02
1.972422736114993e+02	5.005475e+00	2.537729e-02
1.995262314969020e+02	5.005476e+00	2.508681e-02
2.018366363681703e+02	5.005478e+00	2.479965e-02
2.041737944669673e+02	5.005480e+00	2.451578e-02
2.065380155810675e+02	5.005481e+00	2.423516e-02
2.089296130854187e+02	5.005485e+00	2.395776e-02
2.113489039836796e+02	5.005485e+00	2.368351e-02
2.137962089502383e+02	5.005486e+00	2.341242e-02
2.162718523727174e+02	5.005487e+00	2.314442e-02
2.187761623949708e+02	5.005489e+00	2.287950e-02
2.213094709605795e+02	5.005627e+00	2.261822e-02
2.238721138568499e+02	5.005492e+00	2.235871e-02
2.264644307593221e+02	5.005494e+00	2.210278e-02
2.290867652767937e+02	5.005495e+00	2.184978e-02
2.317394649968644e+02	5.005497e+00	2.159967e-02
2.344228815320090e+02	5.005498e+00	2.135243e-02
2.371373705661825e+02	5.005499e+00	2.110802e-02
2.398832919019662e+02	5.005490e+00	2.086635e-02
2.426610095082589e+02	5.005485e+00	2.062748e-02
2.454708915685206e+02	5.005504e+00	2.039143e-02
2.483133105295748e+02	5.005505e+00	2.015802e-02
2.511886431509760e+02	5.005506e+00	1.992728e-02
2.540972705549488e+02	5.005507e+00	1.969918e-02
2.570395782769049e+02	5.005509e+00	1.947369e-02
2.600159563165459e+02	5.005567e+00	1.925100e-02
2.630267991895572e+02	5.005548e+00	1.903056e-02
2.660725059799001e+02	5.005511e+00	1.881258e-02
2.691534803927110e+02	5.005513e+00	1.859725e-02
2.722701308078109e+02	5.005497e+00	1.838431e-02
2.754228703338366e+02	5.005517e+00	1.817393e-02
2.786121168629972e+02	5.005518e+00	1.796590e-02
2.818382931264658e+02	5.005519e+00	1.776025e-02
2.851018267504116e+02	5.005520e+00	1.755696e-02
2.884031503126815e+02	5.005522e+00	1.735599e-02
2.917427014001379e+02	5.005523e+00	1.715732e-02
2.951209226666601e+02	5.005530e+00	1.696095e-02
2.985382618918177e+02	5.005525e+00	1.676678e-02
3.019951720402236e+02	5.005527e+00	1.657486e-02
3.054921113215736e+02	5.005527e+00	1.638513e-02
3.090295432513816e+02	5.005529e+00	1.619757e-02
3.126079367124183e+02	5.005530e+00	1.601217e-02
3.162277660168611e+02	5.005531e+00	1.582888e-02
3.198895109691632e+02	5.005532e+00	1.564769e-02
3.235936569296520e+02	5.005533e+00	1.546858e-02
3.273406948788622e+02	5.005534e+00	1.529151e-02
3.311311214826154e+02	5.005536e+00	1.511648e-02
3.349654391578522e+02	5.005537e+00	1.494344e-02
3.388441561392274e+02	5.005538e+00	1.477239e-02
3.427677865464756e+02	5.005539e+00	1.460329e-02
3.467368504525572e+02	5.005540e+00	1.443613e-02
3.507518739525938e+02	5.005541e+00	1.427089e-02
3.548133892336016e+02	5.005542e+00	1.410753e-02
3.589219346450317e+02	5.005543e+00	1.394605e-02
3.630780547701282e+02	5.005544e+00	1.378641e-02
3.672823004981119e+02	5.005545e+00	1.362860e-02
3.715352290972000e+02	5.005546e+00	1.347260e-02
3.758374042884720e+02	5.005547e+00	1.331838e-02
3.801893963205894e+02	5.005548e+00	1.316593e-02
3.845917820453821e+02	5.005549e+00	1.301523e-02
3.890451449943095e+02	5.005550e+00	1.286624e-02
3.935500754558067e+02	5.005551e+00	1.271897e-02
3.981071705535269e+02	5.005552e+00	1.257338e-02
4.027170343254891e+02	5.005553e+00	1.242945e-02
4.073802778041431e+02	5.005554e+00	1.228718e-02
4.120975190973610e+02	5.005555e+00	1.214653e-02
4.168693834703665e+02	5.005883e+00	1.200828e-02
4.216965034286138e+02	5.005557e+00	1.187005e-02
4.265795188016246e+02	5.005558e+00	1.173417e-02
4.315190768277976e+02	5.005558e+00	1.159985e-02
4.365158322401987e+02	5.005559e+00	1.146707e-02
4.415704473533456e+02	5.005560e+00	1.133581e-02
4.466835921509967e+02	5.005561e+00	1.120606e-02
4.518559443749564e+02	5.005562e+00	1.107778e-02
4.570881896149094e+02	5.005563e+00	1.095098e-02
4.623810213992951e+02	5.005564e+00	1.082563e-02
4.677351412872334e+02	5.005565e+00	1.070171e-02
4.731512589615162e+02	5.005565e+00	1.057921e-02
4.786300923226746e+02	5.005566e+00	1.045811e-02
4.841723675841359e+02	5.005567e+00	1.033840e-02
4.897788193684833e+02	5.005568e+00	1.022006e-02
4.954501908048277e+02	5.005569e+00	1.010307e-02
5.011872336273103e+02	5.005615e+00	9.987515e-03
5.069907082747428e+02	5.005570e+00	9.873101e-03
5.128613839914037e+02	5.005571e+00	9.760085e-03
5.188000389290005e+02	5.005572e+00	9.648365e-03
5.248074602498125e+02	5.005573e+00	9.537922e-03
5.308844442310289e+02	5.005574e+00	9.428744e-03
5.370317963702937e+02	5.005574e+00	9.320815e-03
5.432503314924746e+02	5.005575e+00	9.214123e-03
5.495408738576664e+02	5.005576e+00	9.108650e-03
5.559042572704460e+02	5.005577e+00	9.004386e-03
5.623413251903921e+02	5.005578e+00	8.901315e-03
5.688529308438849e+02	5.005578e+00	8.799424e-03
5.754399373372009e+02	5.005584e+00	8.698708e-03
5.821032177709160e+02	5.005579e+00	8.599127e-03
5.888436553556342e+02	5.005580e+00	8.500695e-03
5.956621435290562e+02	5.005581e+00	8.403390e-03
6.025595860744039e+02	5.005582e+00	8.307198e-03
6.095368972402160e+02	5.005582e+00	8.212107e-03
6.165950018615296e+02	5.005583e+00	8.118105e-03
6.237348354824674e+02	5.005584e+00	8.025180e-03
6.309573444802419e+02	5.005585e+00	7.933317e-03
6.382634861905980e+02	5.005585e+00	7.842506e-03
6.456542290347053e+02	5.005586e+00	7.752735e-03
6.531305526475229e+02	5.005587e+00	7.663991e-03
6.606934480076472e+02	5.005587e+00	7.576263e-03
6.683439175686663e+02	5.005587e+00	7.489537e-03
6.760829753920342e+02	5.005661e+00	7.403915e-03
6.839116472814824e+02	5.005589e+00	7.319058e-03
6.918309709189903e+02	5.005590e+00	7.235279e-03
6.998419960023278e+02	5.005590e+00	7.152458e-03
7.079457843841931e+02	5.005591e+00	7.070586e-03
7.161434102129577e+02	5.005592e+00	6.989650e-03
7.244359600750464e+02	5.005592e+00	6.909641e-03
7.328245331389613e+02	5.005593e+00	6.830548e-03
7.413102413009755e+02	5.005594e+00	6.752360e-03
7.498942093325145e+02	5.005594e+00	6.675067e-03
7.585775750292431e+02	5.005595e+00	6.598659e-03
7.673614893618790e+02	5.005596e+00	6.523126e-03
7.762471166287526e+02	5.005596e+00	6.448457e-03
7.852356346101334e+02	5.005597e+00	6.374643e-03
7.943282347243438e+02	5.005598e+00	6.301674e-03
8.035261221856804e+02	5.005598e+00	6.229540e-03
8.128305161641631e+02	5.005599e+00	6.158232e-03
8.222426499471359e+02	5.005599e+00	6.087740e-03
8.317637711027365e+02	5.005600e+00	6.018055e-03
8.413951416452614e+02	5.005600e+00	5.949167e-03
8.511380382024437e+02	5.005601e+00	5.881068e-03
8.609937521846687e+02	5.005601e+00	5.813749e-03
8.709635899561495e+02	5.005602e+00	5.747200e-03
8.810488730080837e+02	5.005603e+00	5.681413e-03
8.912509381338160e+02	5.005643e+00	5.616424e-03
9.015711376060283e+02	5.005604e+00	5.552090e-03
9.120108393559821e+02	5.005604e+00	5.488536e-03
9.225714271548363e+02	5.005605e+00	5.425710e-03
9.332543007970652e+02	5.005605e+00	5.363603e-03
9.440608762859983e+02	5.005606e+00	5.302207e-03
9.549925860215118e+02	5.005607e+00	5.241514e-03
9.660508789898903e+02	5.005607e+00	5.181515e-03
9.772372209558886e+02	5.005608e+00	5.122203e-03
9.885530946570176e+02	5.005608e+00	5.063570e-03
1.000000000000000e+03	5.005609e+00	5.005609e-03