Vin	Rendimiento
9.300000000000001e+000	1.722578e+001
9.301000000000000e+000	1.722284e+001
9.302000000000000e+000	1.721989e+001
9.302999999999999e+000	1.721695e+001
9.303999999999999e+000	1.721400e+001
9.304999999999998e+000	1.721106e+001
9.305999999999997e+000	1.720812e+001
9.306999999999997e+000	1.720518e+001
9.307999999999996e+000	1.720224e+001
9.308999999999996e+000	1.719930e+001
9.309999999999995e+000	1.719637e+001
9.310999999999995e+000	1.719343e+001
9.311999999999994e+000	1.719049e+001
9.312999999999994e+000	1.718756e+001
9.313999999999993e+000	1.718462e+001
9.314999999999992e+000	1.718169e+001
9.315999999999992e+000	1.717875e+001
9.316999999999991e+000	1.717582e+001
9.317999999999991e+000	1.717289e+001
9.318999999999990e+000	1.716996e+001
9.319999999999990e+000	1.716703e+001
9.320999999999989e+000	1.716410e+001
9.321999999999989e+000	1.716117e+001
9.322999999999988e+000	1.715824e+001
9.323999999999987e+000	1.715531e+001
9.324999999999987e+000	1.715239e+001
9.325999999999986e+000	1.714946e+001
9.326999999999986e+000	1.714654e+001
9.327999999999985e+000	1.714361e+001
9.328999999999985e+000	1.714069e+001
9.329999999999984e+000	1.713777e+001
9.330999999999984e+000	1.713484e+001
9.331999999999983e+000	1.713192e+001
9.332999999999982e+000	1.712900e+001
9.333999999999982e+000	1.712609e+001
9.334999999999981e+000	1.712316e+001
9.335999999999981e+000	1.712025e+001
9.336999999999980e+000	1.711733e+001
9.337999999999980e+000	1.711441e+001
9.338999999999979e+000	1.711150e+001
9.339999999999979e+000	1.710858e+001
9.340999999999978e+000	1.710567e+001
9.341999999999977e+000	1.710275e+001
9.342999999999977e+000	1.709984e+001
9.343999999999976e+000	1.709693e+001
9.344999999999976e+000	1.709402e+001
9.345999999999975e+000	1.709111e+001
9.346999999999975e+000	1.708820e+001
9.347999999999974e+000	1.708529e+001
9.348999999999974e+000	1.708238e+001
9.349999999999973e+000	1.707947e+001
9.350999999999972e+000	1.707657e+001
9.351999999999972e+000	1.707366e+001
9.352999999999971e+000	1.707076e+001
9.353999999999971e+000	1.706785e+001
9.354999999999970e+000	1.706495e+001
9.355999999999970e+000	1.706205e+001
9.356999999999969e+000	1.705914e+001
9.357999999999969e+000	1.705624e+001
9.358999999999968e+000	1.705334e+001
9.359999999999968e+000	1.705044e+001
9.360999999999967e+000	1.704754e+001
9.361999999999966e+000	1.704464e+001
9.362999999999966e+000	1.704175e+001
9.363999999999965e+000	1.703885e+001
9.364999999999965e+000	1.703595e+001
9.365999999999964e+000	1.703306e+001
9.366999999999964e+000	1.703017e+001
9.367999999999963e+000	1.702727e+001
9.368999999999963e+000	1.702438e+001
9.369999999999962e+000	1.702149e+001
9.370999999999961e+000	1.701860e+001
9.371999999999961e+000	1.701571e+001
9.372999999999960e+000	1.701282e+001
9.373999999999960e+000	1.700993e+001
9.374999999999959e+000	1.700704e+001
9.375999999999959e+000	1.700415e+001
9.376999999999958e+000	1.700126e+001
9.377999999999958e+000	1.699838e+001
9.378999999999957e+000	1.699549e+001
9.379999999999956e+000	1.699261e+001
9.380999999999956e+000	1.698972e+001
9.381999999999955e+000	1.698684e+001
9.382999999999955e+000	1.698396e+001
9.383999999999954e+000	1.698107e+001
9.384999999999954e+000	1.697819e+001
9.385999999999953e+000	1.697531e+001
9.386999999999953e+000	1.697243e+001
9.387999999999952e+000	1.696956e+001
9.388999999999951e+000	1.696668e+001
9.389999999999951e+000	1.696380e+001
9.390999999999950e+000	1.696092e+001
9.391999999999950e+000	1.695805e+001
9.392999999999949e+000	1.695517e+001
9.393999999999949e+000	1.695230e+001
9.394999999999948e+000	1.694942e+001
9.395999999999948e+000	1.694655e+001
9.396999999999947e+000	1.694368e+001
9.397999999999946e+000	1.694081e+001
9.398999999999946e+000	1.693794e+001
9.399999999999945e+000	1.693507e+001
9.400999999999945e+000	1.693220e+001
9.401999999999944e+000	1.692933e+001
9.402999999999944e+000	1.692646e+001
9.403999999999943e+000	1.692360e+001
9.404999999999943e+000	1.692073e+001
9.405999999999942e+000	1.691787e+001
9.406999999999941e+000	1.691500e+001
9.407999999999941e+000	1.691214e+001
9.408999999999940e+000	1.690927e+001
9.409999999999940e+000	1.690641e+001
9.410999999999939e+000	1.690355e+001
9.411999999999939e+000	1.690069e+001
9.412999999999938e+000	1.689783e+001
9.413999999999938e+000	1.689497e+001
9.414999999999937e+000	1.689211e+001
9.415999999999936e+000	1.688925e+001
9.416999999999936e+000	1.688640e+001
9.417999999999935e+000	1.688354e+001
9.418999999999935e+000	1.688069e+001
9.419999999999934e+000	1.687783e+001
9.420999999999934e+000	1.687498e+001
9.421999999999933e+000	1.687213e+001
9.422999999999933e+000	1.686927e+001
9.423999999999932e+000	1.686642e+001
9.424999999999931e+000	1.686357e+001
9.425999999999931e+000	1.686072e+001
9.426999999999930e+000	1.685787e+001
9.427999999999930e+000	1.685502e+001
9.428999999999929e+000	1.685217e+001
9.429999999999929e+000	1.684932e+001
9.430999999999928e+000	1.684648e+001
9.431999999999928e+000	1.684363e+001
9.432999999999927e+000	1.684079e+001
9.433999999999926e+000	1.683794e+001
9.434999999999926e+000	1.683510e+001
9.435999999999925e+000	1.683226e+001
9.436999999999925e+000	1.682941e+001
9.437999999999924e+000	1.682657e+001
9.438999999999924e+000	1.682373e+001
9.439999999999923e+000	1.682089e+001
9.440999999999923e+000	1.681805e+001
9.441999999999922e+000	1.681521e+001
9.442999999999922e+000	1.681238e+001
9.443999999999921e+000	1.680954e+001
9.444999999999920e+000	1.680670e+001
9.445999999999920e+000	1.680387e+001
9.446999999999919e+000	1.680103e+001
9.447999999999919e+000	1.679820e+001
9.448999999999918e+000	1.679536e+001
9.449999999999918e+000	1.679253e+001
9.450999999999917e+000	1.678970e+001
9.451999999999917e+000	1.678687e+001
9.452999999999916e+000	1.678404e+001
9.453999999999915e+000	1.678121e+001
9.454999999999915e+000	1.677838e+001
9.455999999999914e+000	1.677555e+001
9.456999999999914e+000	1.677272e+001
9.457999999999913e+000	1.676989e+001
9.458999999999913e+000	1.676707e+001
9.459999999999912e+000	1.676424e+001
9.460999999999912e+000	1.676142e+001
9.461999999999911e+000	1.675859e+001
9.462999999999910e+000	1.675577e+001
9.463999999999910e+000	1.675295e+001
9.464999999999909e+000	1.675013e+001
9.465999999999909e+000	1.674731e+001
9.466999999999908e+000	1.674449e+001
9.467999999999908e+000	1.674167e+001
9.468999999999907e+000	1.673885e+001
9.469999999999907e+000	1.673603e+001
9.470999999999906e+000	1.673321e+001
9.471999999999905e+000	1.673039e+001
9.472999999999905e+000	1.672758e+001
9.473999999999904e+000	1.672476e+001
9.474999999999904e+000	1.672195e+001
9.475999999999903e+000	1.671914e+001
9.476999999999903e+000	1.671632e+001
9.477999999999902e+000	1.671351e+001
9.478999999999902e+000	1.671070e+001
9.479999999999901e+000	1.670789e+001
9.480999999999900e+000	1.670508e+001
9.481999999999900e+000	1.670227e+001
9.482999999999899e+000	1.669946e+001
9.483999999999899e+000	1.669665e+001
9.484999999999898e+000	1.669385e+001
9.485999999999898e+000	1.669104e+001
9.486999999999897e+000	1.668823e+001
9.487999999999897e+000	1.668543e+001
9.488999999999896e+000	1.668262e+001
9.489999999999895e+000	1.667982e+001
9.490999999999895e+000	1.667702e+001
9.491999999999894e+000	1.667421e+001
9.492999999999894e+000	1.667141e+001
9.493999999999893e+000	1.666861e+001
9.494999999999893e+000	1.666581e+001
9.495999999999892e+000	1.666301e+001
9.496999999999892e+000	1.666021e+001
9.497999999999891e+000	1.665742e+001
9.498999999999890e+000	1.665462e+001
9.499999999999890e+000	1.665182e+001
9.500999999999889e+000	1.664903e+001
9.501999999999889e+000	1.664623e+001
9.502999999999888e+000	1.664344e+001
9.503999999999888e+000	1.664065e+001
9.504999999999887e+000	1.663785e+001
9.505999999999887e+000	1.663506e+001
9.506999999999886e+000	1.663227e+001
9.507999999999885e+000	1.662948e+001
9.508999999999885e+000	1.662669e+001
9.509999999999884e+000	1.662390e+001
9.510999999999884e+000	1.662111e+001
9.511999999999883e+000	1.661832e+001
9.512999999999883e+000	1.661554e+001
9.513999999999882e+000	1.661275e+001
9.514999999999882e+000	1.660996e+001
9.515999999999881e+000	1.660718e+001
9.516999999999880e+000	1.660440e+001
9.517999999999880e+000	1.660161e+001
9.518999999999879e+000	1.659883e+001
9.519999999999879e+000	1.659605e+001
9.520999999999878e+000	1.659327e+001
9.521999999999878e+000	1.659049e+001
9.522999999999877e+000	1.658771e+001
9.523999999999877e+000	1.658493e+001
9.524999999999876e+000	1.658215e+001
9.525999999999876e+000	1.657937e+001
9.526999999999875e+000	1.657659e+001
9.527999999999874e+000	1.657382e+001
9.528999999999874e+000	1.657104e+001
9.529999999999873e+000	1.656827e+001
9.530999999999873e+000	1.656549e+001
9.531999999999872e+000	1.656272e+001
9.532999999999872e+000	1.655995e+001
9.533999999999871e+000	1.655717e+001
9.534999999999871e+000	1.655440e+001
9.535999999999870e+000	1.655163e+001
9.536999999999869e+000	1.654886e+001
9.537999999999869e+000	1.654609e+001
9.538999999999868e+000	1.654333e+001
9.539999999999868e+000	1.654056e+001
9.540999999999867e+000	1.653779e+001
9.541999999999867e+000	1.653502e+001
9.542999999999866e+000	1.653226e+001
9.543999999999866e+000	1.652949e+001
9.544999999999865e+000	1.652673e+001
9.545999999999864e+000	1.652397e+001
9.546999999999864e+000	1.652120e+001
9.547999999999863e+000	1.651844e+001
9.548999999999863e+000	1.651568e+001
9.549999999999862e+000	1.651292e+001
9.550999999999862e+000	1.651016e+001
9.551999999999861e+000	1.650740e+001
9.552999999999861e+000	1.650464e+001
9.553999999999860e+000	1.650188e+001
9.554999999999859e+000	1.649913e+001
9.555999999999859e+000	1.649637e+001
9.556999999999858e+000	1.649362e+001
9.557999999999858e+000	1.649086e+001
9.558999999999857e+000	1.648811e+001
9.559999999999857e+000	1.648535e+001
9.560999999999856e+000	1.648260e+001
9.561999999999856e+000	1.647985e+001
9.562999999999855e+000	1.647710e+001
9.563999999999854e+000	1.647434e+001
9.564999999999854e+000	1.647159e+001
9.565999999999853e+000	1.646884e+001
9.566999999999853e+000	1.646610e+001
9.567999999999852e+000	1.646335e+001
9.568999999999852e+000	1.646060e+001
9.569999999999851e+000	1.645785e+001
9.570999999999851e+000	1.645511e+001
9.571999999999850e+000	1.645237e+001
9.572999999999849e+000	1.644962e+001
9.573999999999849e+000	1.644688e+001
9.574999999999848e+000	1.644413e+001
9.575999999999848e+000	1.644139e+001
9.576999999999847e+000	1.643865e+001
9.577999999999847e+000	1.643591e+001
9.578999999999846e+000	1.643317e+001
9.579999999999846e+000	1.643043e+001
9.580999999999845e+000	1.642769e+001
9.581999999999844e+000	1.642495e+001
9.582999999999844e+000	1.642221e+001
9.583999999999843e+000	1.641948e+001
9.584999999999843e+000	1.641674e+001
9.585999999999842e+000	1.641401e+001
9.586999999999842e+000	1.641127e+001
9.587999999999841e+000	1.640854e+001
9.588999999999841e+000	1.640581e+001
9.589999999999840e+000	1.640307e+001
9.590999999999839e+000	1.640034e+001
9.591999999999839e+000	1.639761e+001
9.592999999999838e+000	1.639488e+001
9.593999999999838e+000	1.639215e+001
9.594999999999837e+000	1.638942e+001
9.595999999999837e+000	1.638669e+001
9.596999999999836e+000	1.638396e+001
9.597999999999836e+000	1.638124e+001
9.598999999999835e+000	1.637851e+001
9.599999999999834e+000	1.637579e+001
9.600999999999834e+000	1.637306e+001
9.601999999999833e+000	1.637034e+001
9.602999999999833e+000	1.636761e+001
9.603999999999832e+000	1.636489e+001
9.604999999999832e+000	1.636217e+001
9.605999999999831e+000	1.635945e+001
9.606999999999831e+000	1.635673e+001
9.607999999999830e+000	1.635401e+001
9.608999999999830e+000	1.635128e+001
9.609999999999829e+000	1.634857e+001
9.610999999999828e+000	1.634585e+001
9.611999999999828e+000	1.634313e+001
9.612999999999827e+000	1.634042e+001
9.613999999999827e+000	1.633770e+001
9.614999999999826e+000	1.633499e+001
9.615999999999826e+000	1.633227e+001
9.616999999999825e+000	1.632956e+001
9.617999999999825e+000	1.632684e+001
9.618999999999824e+000	1.632413e+001
9.619999999999823e+000	1.632142e+001
9.620999999999823e+000	1.631871e+001
9.621999999999822e+000	1.631600e+001
9.622999999999822e+000	1.631329e+001
9.623999999999821e+000	1.631058e+001
9.624999999999821e+000	1.630787e+001
9.625999999999820e+000	1.630516e+001
9.626999999999820e+000	1.630246e+001
9.627999999999819e+000	1.629975e+001
9.628999999999818e+000	1.629705e+001
9.629999999999818e+000	1.629434e+001
9.630999999999817e+000	1.629164e+001
9.631999999999817e+000	1.628894e+001
9.632999999999816e+000	1.628623e+001
9.633999999999816e+000	1.628353e+001
9.634999999999815e+000	1.628083e+001
9.635999999999815e+000	1.627813e+001
9.636999999999814e+000	1.627543e+001
9.637999999999813e+000	1.627273e+001
9.638999999999813e+000	1.627003e+001
9.639999999999812e+000	1.626733e+001
9.640999999999812e+000	1.626464e+001
9.641999999999811e+000	1.626194e+001
9.642999999999811e+000	1.625925e+001
9.643999999999810e+000	1.625655e+001
9.644999999999810e+000	1.625385e+001
9.645999999999809e+000	1.625116e+001
9.646999999999808e+000	1.624847e+001
9.647999999999808e+000	1.624577e+001
9.648999999999807e+000	1.624308e+001
9.649999999999807e+000	1.624039e+001
9.650999999999806e+000	1.623770e+001
9.651999999999806e+000	1.623501e+001
9.652999999999805e+000	1.623232e+001
9.653999999999805e+000	1.622963e+001
9.654999999999804e+000	1.622695e+001
9.655999999999803e+000	1.622426e+001
9.656999999999803e+000	1.622157e+001
9.657999999999802e+000	1.621889e+001
9.658999999999802e+000	1.621620e+001
9.659999999999801e+000	1.621352e+001
9.660999999999801e+000	1.621084e+001
9.661999999999800e+000	1.620815e+001
9.662999999999800e+000	1.620547e+001
9.663999999999799e+000	1.620279e+001
9.664999999999798e+000	1.620011e+001
9.665999999999798e+000	1.619743e+001
9.666999999999797e+000	1.619475e+001
9.667999999999797e+000	1.619207e+001
9.668999999999796e+000	1.618939e+001
9.669999999999796e+000	1.618671e+001
9.670999999999795e+000	1.618404e+001
9.671999999999795e+000	1.618136e+001
9.672999999999794e+000	1.617869e+001
9.673999999999793e+000	1.617601e+001
9.674999999999793e+000	1.617334e+001
9.675999999999792e+000	1.617066e+001
9.676999999999792e+000	1.616799e+001
9.677999999999791e+000	1.616532e+001
9.678999999999791e+000	1.616265e+001
9.679999999999790e+000	1.615998e+001
9.680999999999790e+000	1.615731e+001
9.681999999999789e+000	1.615464e+001
9.682999999999788e+000	1.615197e+001
9.683999999999788e+000	1.614930e+001
9.684999999999787e+000	1.614663e+001
9.685999999999787e+000	1.614397e+001
9.686999999999786e+000	1.614130e+001
9.687999999999786e+000	1.613864e+001
9.688999999999785e+000	1.613597e+001
9.689999999999785e+000	1.613331e+001
9.690999999999784e+000	1.613065e+001
9.691999999999784e+000	1.612798e+001
9.692999999999783e+000	1.612532e+001
9.693999999999782e+000	1.612266e+001
9.694999999999782e+000	1.612000e+001
9.695999999999781e+000	1.611734e+001
9.696999999999781e+000	1.611468e+001
9.697999999999780e+000	1.611202e+001
9.698999999999780e+000	1.610936e+001
9.699999999999999e+000	1.610671e+001
